19087.319893652875,750,4.0,5.460500454044817,450283,5460.500454044817,134285.43307124998
19088.619448278474,300,6.700445374400823,0.0,155580,1299.5546255991767,134285.43307124998
19091.25060727927,750,8.069286373604898,0.0,350812,2631.1590007959244,154064.04269499998
19095.933547041066,1200,7.3863466118090875,0.0,617681,4682.939761795811,109186.58399099999
19100.36977211125,1200,6.950121541622988,0.0,652874,4436.225070186099,133418.14461125
19102.949371890758,750,8.370521762118708,0.0,318564,2579.5997795042795,120304.347826125
19107.412791913895,1200,7.907101738979113,0.0,561791,4463.420023139594,141166.23821749998
19114.258731066493,1200,5.061162586384042,0.0,709534,6845.939152595071,90632.86163525
19116.275972722844,300,7.043920930032136,0.0,150710,2017.2416563519062,78330.158730125
19121.609579569886,750,5.71031408298684,0.0,362795,5333.606847045296,75539.33007150001
19126.838566732276,750,4.481326920597347,0.0,353220,5228.987162389493,112192.25888325
19128.314973204266,300,7.00492044860852,0.0,156148,1476.4064719888265,121519.42286349999
19131.61702859308,750,7.702865059797666,0.0,386351,3302.0553888108543,115993.517972875
19140.053583112345,1200,4.0,0.7336894594673932,687371,8436.554519265059,96484.6454495
19142.477355646108,300,5.5762274662375315,0.0,140051,2423.7725337624693,60007.66392275
19144.4929080367,300,7.560675075643955,0.0,138313,2015.5523905935763,123532.37410075
19149.6534526816,1200,6.400130430744614,0.0,617242,5160.544644899341,104069.39501775001
19154.510642206867,750,5.542940905479403,0.0,372963,4857.189525265211,62225.715437375
19158.047343149956,300,6.006239962389208,0.0,165384,3536.7009430901953,50263.093788125
19162.25268371577,750,5.800899396573504,0.0,350713,4205.3405658157035,127719.08506124999
19165.85879260854,750,6.194790503807488,0.0,386472,3606.1088927660157,112336.363636375
19170.268021577518,750,5.785561534825054,0.0,399894,4409.228968982435,99077.71706137499
19173.618911218004,750,6.434671894342548,0.0,401853,3350.8896404825055,142317.2782875
19175.831452454666,750,8.222130657678704,0.0,343800,2212.5412366638443,157822.01834875002
19179.48006196787,1200,8.573521144474073,0.0,587236,3648.6095132046316,173649.741825
19183.207905005365,1200,8.845678106981778,0.0,590335,3727.8430374922955,159220.9381375
19190.253041329564,1850,5.800541782783527,0.0,1076599,7045.13632419825,155781.2030075
19192.020552333855,750,8.033030778491046,0.0,277716,1767.5110042924816,178414.97152125
19196.342517916702,1200,7.711065195643836,0.0,622896,4321.96558284721,166025.88066125
19200.051037944035,1200,8.002545168310284,0.0,641447,3708.5200273335513,205187.5
19203.77151946718,1200,8.282063645164978,0.0,570392,3720.4815231453063,115665.878178625
19208.5370436203,1200,7.5165394920457365,0.0,620283,4765.524153119242,199011.55327375
19211.83119672195,1200,8.22238639039688,0.0,584349,3294.153101648857,171223.2824425
19215.535942418745,1200,8.517640693604422,0.0,670129,3704.7456967924572,195566.7107
19219.812712475083,1200,8.240870637265438,0.0,690253,4276.770056338985,188904.91453
19223.4300304094,1200,8.623552702951546,0.0,598727,3617.3179343138927,145916.2342475
19226.66204623527,1200,9.391536877080389,0.0,487812,3232.015825871156,146016.8
19236.156339689027,1850,4.0,0.10275657667661289,938587,9494.293453757002,111233.97635350001
19237.610784159475,300,6.545555529553036,0.0,144254,1454.4444704469636,109937.96992475
19241.399543633524,750,6.75679605550372,0.0,390680,3788.7594740493164,112441.369264375
19244.609103638082,750,7.547236050943873,0.0,345516,3209.560004559848,118831.081081125
19250.306665947137,1200,5.84967374189073,0.0,641452,5697.562309053143,147220.66822125
19252.784071061815,750,7.372268627211637,0.0,372093,2477.405114679094,187564.36781625
19256.579730715697,1200,7.576608973333243,0.0,634861,3795.6596538783942,187964.5308925
19260.49744390287,1200,7.658895786160394,0.0,630203,3917.7131871728484,150695.29499625
19264.51366963657,1200,7.642670052460481,0.0,638661,4016.225733699913,205450.8771925
19267.934892638797,1200,8.221447050233103,0.0,538612,3421.2230022273793,141632.104455
19271.90605630467,1200,8.250283384361254,0.0,550906,3971.163665871848,168309.5044675

