13685.813972571923,750,4.0,3.445995646227827,450283,3445.9956462278274,165441.39046125
13686.883860414355,300,6.930112157568032,0.0,155580,1069.8878424319682,165441.39046125
13689.23685975057,750,8.57711282135118,0.0,350812,2352.999336216852,146351.07731249998
13699.954963543976,1200,4.0,2.140990972053216,617681,10718.103793404396,41962.239583375
13704.143119876582,300,4.0,0.18815633260691447,163442,4188.1563326069145,41047.30902775
13707.461719254285,300,4.681400622296262,0.0,126289,3318.599377703739,41047.30902775
13710.354793708086,300,5.78832616849612,0.0,153295,2893.074453800142,68417.03835862501
13718.745153143103,750,4.0,2.602033266522472,437162,8390.359435018592,72649.543379
13721.008815942409,300,5.736337200695815,0.0,150710,2263.662799304185,72649.543379
13727.611090950633,750,4.0,0.8659378075273735,362795,6602.275008223189,56670.450636375
13730.325713782835,300,5.285377167795797,0.0,141840,2714.622832204202,56670.450636375
13734.40647178587,300,5.204619164762173,0.0,156148,4080.7580030336244,40996.572995250004
13736.868033932267,300,6.743057018364527,0.0,160746,2461.562146397646,103910.041841
13742.42981011804,750,5.181280832590811,0.0,434409,5561.776185773716,58469.19431275
13744.293436901104,300,7.317654049527813,0.0,140051,1863.626783062998,88943.30400787499
13752.486599047203,1200,4.0,0.8755080965718771,587876,8193.16214609969,95524.04105887501
13754.026258110134,300,6.460340937069439,0.0,143509,1539.6590629305615,102995.945261
13757.613102264828,750,6.873496782376794,0.0,372963,3586.844154692645,123721.558768125
13761.515511348452,750,6.971087698751618,0.0,405596,3902.409083625175,89558.88125612501
13765.482247386657,750,7.004351660546979,0.0,350713,3966.73603820464,86218.18923325
13770.349998191386,750,6.136600855817199,0.0,386472,4867.75080472978,89411.826269
13774.757870243788,750,5.728728803416664,0.0,399894,4407.872052400535,123130.52631575
13778.399785698588,750,6.08681334861784,0.0,401853,3641.915454798825,108338.245614
13781.761361871304,750,6.72523717590137,0.0,343800,3361.57617271647,117954.393024875
13785.248984677019,750,7.237614370187463,0.0,359903,3487.622805713907,99808.51063825
13791.035011160699,1200,5.4515878865090395,0.0,590335,5786.026483678423,95819.729888375
13793.085931008345,300,7.400668038861587,0.0,181901,2050.919847647453,103813.926940625
13798.02656991749,1200,6.4600291297155925,0.0,487160,4940.638909145994,119130.529369125
13802.284128909898,750,6.202470137308979,0.0,400396,4257.5589924066135,110762.099522875
13807.82923834653,750,4.657360700675306,0.0,400508,5545.109436633673,62692.6621765
13811.148539740363,300,5.338059306843098,0.0,157421,3319.3013938322083,39487.0391705
13814.222263352473,300,6.264335694734508,0.0,157488,3073.72361210859,79909.245991125
13820.520316399865,750,4.0,0.033717352658820345,369834,6298.053047393329,48837.48584375
13822.945846338396,300,5.574470061467284,0.0,163444,2425.5299385327153,75359.624029375
13825.203393607524,300,7.316922792341542,0.0,179328,2257.5472691257423,71940.035273375
13830.279507966081,1200,6.240808433784802,0.0,598727,5076.11435855674,123394.48508725
13833.088193539075,750,7.432122860790053,0.0,321064,2808.6855729947492,132288.9463475
13838.134727180939,1200,6.385589218925845,0.0,575591,5046.533641864208,123752.03619912501
13842.293408718127,750,6.226907681738058,0.0,378327,4158.681537187787,69475.251076
13846.444166791085,750,6.076149608780779,0.0,390680,4150.758072957278,127974.28958000001
13849.278239147847,750,7.2420772520175465,0.0,345516,2834.072356763232,120735.185185125
13856.231376791937,1200,4.28893960792823,0.0,641452,6953.137644089317,87287.25905025001
13858.062521612408,300,6.457794787457326,0.0,145210,1831.1448204709043,87287.25905025001
13861.584071098923,750,6.936245300941066,0.0,438281,3521.549486516259,115466.666666625
13864.863481453613,750,7.656834946252618,0.0,398987,3279.4103546884485,99158.740790375
13871.92054114905,1200,4.599775250814675,0.0,638661,7057.059695437943,96085.992428375
13873.268862707086,300,7.251453692779614,0.0,137507,1348.3215580350616,132346.55688625
13877.666491097792,1200,6.853825302072566,0.0,550906,4397.628390707047,129756.75675625

