15414.554060816656,750,4.0,3.1328471558220468,450283,3132.8471558220467,152966.4292975
15415.616499976477,300,6.937560840178129,0.0,155580,1062.4391598218708,186247.11538499998
15417.710496279806,750,8.843564536849069,0.0,350812,2093.9963033290587,189335.33533499998
15423.39221008174,1850,7.1618507349165395,0.0,933276,5681.71380193253,135515.73426625
15426.31874909877,750,8.235311717886539,0.0,411561,2926.5390170300007,136487.98674375002
15430.896069558477,1200,7.657991258177843,0.0,520315,4577.320459708697,134331.30493625
15435.582274939015,1200,6.9717858776402,0.0,561791,4686.205380537643,128658.97435875001
15439.791916197384,750,6.762144619272748,0.0,437162,4209.641258367452,123216.027874625
15442.813389546644,750,7.740671270012579,0.0,374758,3021.4733492601695,134755.30504
15446.683097395844,1200,7.870963420811186,0.0,560821,3869.707849201394,125543.04635749999
15452.36338065204,1200,6.190680164617345,0.0,607410,5680.28325619384,170516.38530249998
15455.378862420803,750,7.175198395853068,0.0,405134,3015.4817687642776,106781.95937875
15458.980070940439,750,7.573989876217446,0.0,386351,3601.208519635621,139980.27314125
15464.114165000181,1200,6.439895816474146,0.0,687371,5134.0940597433,153636.28546875
15466.519468580918,750,8.034592235736563,0.0,337059,2405.3035807375823,152019.33216125
15470.922795329929,1200,7.631265486727377,0.0,587876,4403.326749009187,146088.63026
15476.255450114344,1200,6.298610702311774,0.0,617242,5332.654784415603,105443.517329875
15479.37753104666,750,7.176529769994995,0.0,372963,3122.0809323167787,141928.630025
15482.770337649066,750,7.783723167589958,0.0,405596,3392.8066024050363,113733.76205787499
15487.837831209354,1200,6.716229607300936,0.0,586839,5067.493560289023,130046.640755
15491.656940919602,750,6.897119897053563,0.0,386472,3819.1097102473723,104269.360269375
15495.073363984238,750,7.4806968324166725,0.0,399894,3416.4230646368906,156783.43516625
15499.266868908508,1200,7.287191908146394,0.0,656471,4193.504924270279,180881.19738125
15502.523898829171,1200,8.030161987482048,0.0,536667,3257.0299206643467,143922.73730625
15506.342678822159,1200,8.211381994495852,0.0,587236,3818.7799929861953,135515.73426625
15510.955429533935,1200,7.598631282720329,0.0,590335,4612.750711775523,117214.60374
15516.791028479916,1200,5.7630323367373935,0.0,696376,5835.598945982936,126285.91256124999
15519.156463111609,750,7.397597705045677,0.0,277716,2365.434631691716,128658.97435875001
15524.764790172656,1200,5.789270643998966,0.0,622896,5608.327061046711,134755.30504
15527.374052599198,750,7.180008217457276,0.0,400508,2609.2624265416903,174998.91657625
15530.712957922302,750,7.841102894351751,0.0,358218,3338.905323105525,100396.589659
15535.751947223855,1200,6.802113592799271,0.0,620283,5038.98930155248,144679.08552125
15539.100881101005,750,7.45317971564948,0.0,369834,3348.9338771497914,110840.80859125001
15544.273083886146,1200,6.2809769305084835,0.0,670129,5172.202785140996,129604.27135625
15547.342445775768,750,7.211615040887111,0.0,401088,3069.3618896213734,151852.14348250002
15551.645879556683,1200,6.90818125997182,0.0,598727,4303.433780915291,124092.67241375
15554.215430224518,750,8.338630592138788,0.0,321064,2569.5506678330316,129915.71428625002
15559.40146094345,1200,7.152599873204098,0.0,575591,5186.03071893469,122525.64102562501
15562.379623257353,750,8.174437559301065,0.0,378327,2978.162313903034,143413.94527750002
15567.471025317256,1200,7.083035499400257,0.0,587506,5091.402059900807,104423.076923125
15570.475712375011,750,8.078348441644534,0.0,345516,3004.6870577557243,123474.58840375
15576.547135129276,1200,6.006925687379701,0.0,641452,6071.422754264833,156783.43516625
15579.164526989003,750,7.389533827652902,0.0,372093,2617.3918597267984,152966.4292975
15582.877799722086,1200,7.676261094570016,0.0,634861,3713.272733082886,196152.1739125
15586.695013629813,1200,7.859047186844594,0.0,630203,3817.2139077254214,150333.07086625
15591.32484027597,1200,7.229220540687845,0.0,638661,4629.826646156749,112361.92861612499
15596.034378748518,1200,6.519682068139676,0.0,538612,4709.53847254817,134836.25731000002
15598.722693807345,750,7.831367009312466,0.0,314107,2688.31505882721,126285.91256124999

