25099.13772757135,750,4.0,3.5013497766476167,450283,3501.3497766476166,184370.27027
25100.10598586165,300,7.031741709697546,0.0,155580,968.258290302454,184370.27027
25101.668338946485,750,9.469388624865182,0.0,350812,1562.3530848323649,251570.8061
25105.633411732324,1850,9.50431583902617,0.0,933276,3965.0727858390132,304093.24758875003
25109.562178798995,1850,9.575548772353317,0.0,996749,3928.7670666728513,279837.54512624996
25113.270377501707,1850,9.867350069640677,0.0,801058,3708.1987027126397,183449.67682375
25119.608199195038,1850,7.529528376309771,0.0,905515,6337.821693330907,132485.4586125
25124.143465917452,1200,6.994261653896815,0.0,709534,4535.2667224129555,141918.5292
25126.95883723408,750,8.178890337268749,0.0,374758,2815.371316628067,156669.4214875
25130.490770526172,1200,8.646957045178336,0.0,560821,3531.9332920904108,178252.10792625
25133.979271579745,1200,9.158455991601109,0.0,607410,3488.501053577228,198174.05765
25140.292610264252,1850,6.845117307095264,0.0,917428,6313.338684505846,95116.27906975
25145.208243107332,750,5.929484464014806,0.0,386351,4915.632843080458,122693.61702125
25149.0594820752,750,6.078245496150361,0.0,434409,3851.2389678644454,113717.57735349999
25152.96293995632,750,6.174787615033094,0.0,337059,3903.457881117267,98741.58523350001
25157.269455009697,750,5.868272561657426,0.0,366214,4306.515053375669,81569.513406125
25161.944775247124,750,5.192952324229616,0.0,360831,4675.32023742781,109293.114339875
25163.303848122123,300,7.83387944923053,0.0,150616,1359.0728749990858,144177.46228875002
25167.193611629118,1200,7.9441159422366425,0.0,639204,3889.763506993887,200757.04225375
25170.027493920177,1200,9.110233651177326,0.0,586839,2833.882291059316,217715.46635125
25174.591285985498,1850,8.546441585854259,0.0,891604,4563.792065323068,288136.66228625004
25177.468014232956,1200,9.669713338397425,0.0,616206,2876.728247456835,173848.83720875
25187.661819124558,1850,4.0,0.5240915532055224,968026,10193.804891602947,107722.562674125
25188.661753819884,300,7.0000653046758945,0.0,137654,999.9346953241059,220707.1178525
25190.488038916435,750,9.173780208124931,0.0,359903,1826.2850965509617,187887.60806874998
25195.761757949356,1850,7.900061175204629,0.0,905935,5273.719032920303,266571.19741125003
25199.70357214167,1200,7.958246982889984,0.0,696376,3941.814192314645,184161.3418525
25202.433454762093,1200,9.22836436246456,0.0,487160,2729.8826204254224,176059.6491225
25206.30781994771,1850,9.353999176849777,0.0,972798,3874.3651856147844,303766.97530875
25209.77594437933,1850,9.885874745227843,0.0,975811,3468.1244316219318,302010.0
25213.691786955536,1850,9.970032169021346,0.0,873429,3915.842576206499,230263.77952749998
25217.937096618334,1850,9.724722506222362,0.0,954453,4245.309662798983,237289.50863250002
25221.292575589272,1850,10.369243535284447,0.0,885062,3355.478970937914,213867.627785
25225.491911406076,1850,10.169907718480074,0.0,1035329,4199.335816804374,289316.05351125
25229.175488184475,1850,10.486330940082684,0.0,1026056,3683.5767783973897,283552.05811125
25234.27884238333,2850,9.382976741229497,0.0,1439896,5103.354198853188,296313.51351375
25236.99415003221,1850,10.667669092347653,0.0,728962,2715.3076488818433,295322.25064
25241.793403652602,2850,9.868415471958757,0.0,1499009,4799.253620388897,351541.66666625
25245.102938309097,1850,10.558880815462267,0.0,908665,3309.534656496489,317035.33568874997
25250.390288116017,2850,9.271531008537025,0.0,1402287,5287.349806925242,272907.83410125005
25253.37518887736,1850,10.286630247196557,0.0,858450,2984.9007613404683,292615.94202875
25256.87230999392,1850,10.789509130636521,0.0,1025005,3497.121116560036,370863.93088500004
25260.83916151421,2850,10.822657610344313,0.0,1343002,3966.8515202922076,373397.02760125
25265.832611204234,2850,9.829207920323109,0.0,1587250,4993.449690021206,274331.82503749995
25269.2065468862,1850,10.455272238358093,0.0,958994,3373.9356819650143,368213.50364999997
25274.12283187347,2850,9.538987251087677,0.0,1483527,4916.284987270416,360973.4513275
25276.66906557402,1850,10.9927535505362,0.0,830730,2546.2337005514773,284031.0880825
25283.406709479845,2850,8.255109644711702,0.0,1364537,6737.643905824497,313390.59967625

