17166.08285465021,750,4.0,1.8710689380755445,450283,1871.0689380755446,278436.73469375004
17166.751025680274,300,7.331828969935454,0.0,155580,668.1710300645457,278436.73469375004
17168.756530810722,1200,9.326323839486154,0.0,571051,2005.5051304492993,390702.8571425
17171.256301937723,1850,10.82655271248493,0.0,933276,2499.771127001225,417959.128065
17175.26283253526,2850,10.82002211494898,0.0,1472558,4006.530597535949,340497.1537
17180.850716718225,2850,9.232137931983184,0.0,1224260,5587.884182965799,285173.354735
17183.73117279064,1850,10.351681859565774,0.0,905515,2880.456072417408,382959.14396875
17186.891511954924,1850,11.191342695287243,0.0,1060487,3160.339164278531,441413.88174750004
17190.66490095142,2850,11.417953698791248,0.0,1348011,3773.388996495997,322390.625
17195.553305590267,2850,10.529549059941662,0.0,1429765,4888.404638849585,326538.59964125
17199.357101102054,2850,10.725753548157172,0.0,1354548,3803.7955117844895,424115.10791375
17204.334591383264,2850,9.748263266947673,0.0,1519951,4977.4902812095,322724.29906499997
17207.659558323172,1850,10.423296327038527,0.0,946851,3324.966939909147,287519.23076875
17214.012729106402,2850,8.070125543808524,0.0,1578343,6353.170783230002,210766.16379249998
17216.441215572333,1200,9.641639077872451,0.0,526950,2428.4864659360733,260113.07901875002
17220.192179963207,1850,9.890674686996787,0.0,923170,3750.9643908756652,244976.57213374999
17225.821478276815,1850,8.261376373390883,0.0,966699,5629.298313605903,105063.867534
17232.622577351583,1200,5.460277298620654,0.0,581493,6801.09907477023,560800.5698
17233.013005747038,300,9.06984890316678,0.0,165384,390.4283954538728,560800.5698
17240.77058861333,1850,5.312266036872943,0.0,923755,7757.582866293838,60058.806818125
17243.091428635944,300,6.99142601426031,0.0,157671,2320.840022612633,92766.07239325
17246.60722204994,750,7.475632600265273,0.0,399894,3515.793413995037,129063.53790625
17252.076588373147,1200,6.006266277058967,0.0,656471,5469.366323206306,95567.39231125
17255.281409556035,750,6.801445094170844,0.0,343800,3204.821182888123,121633.083730375
17258.291687002886,750,7.791167647320439,0.0,359903,3010.2774468504044,127391.7525775
17263.090404379374,1200,6.99245027083113,0.0,590335,4798.717376489309,157662.8019325
17267.68367388257,750,6.399180767636384,0.0,425781,4593.269503194746,102112.45200225
17269.953911659955,750,8.128942990249282,0.0,277716,2270.237777387102,134500.39093
17277.33031163126,1200,4.752543018947156,0.0,622896,7376.399971302126,92497.90794975
17279.106270329743,300,6.976584320463194,0.0,149029,1775.9586984839625,92497.90794975
17282.297094211208,750,7.785760438996395,0.0,358218,3190.8238814668,123076.195480875
17287.090945307053,1200,6.9919093431521775,0.0,620283,4793.851095844217,145939.17710250002
17290.11845478368,750,7.9643998665285585,0.0,369834,3027.50947662362,129574.1088175
17295.37723286209,1200,6.7056217881124915,0.0,670129,5258.778078416067,133166.80161999998
17298.652210113425,750,7.430644536778906,0.0,401088,3274.9772513335856,114240.60150375
17303.442972743418,1200,6.639881906785214,0.0,598727,4790.762629993692,139309.79827125
17306.09492325692,750,7.98793139328584,0.0,321064,2651.950513499373,147918.03278749998
17310.690946079758,1200,7.391908570447967,0.0,575591,4596.022822837874,147887.68396624998
17316.23277561565,1200,5.850079034558351,0.0,605884,5541.829535889616,103544.14310449999
17320.350404921865,750,5.732449728342068,0.0,390680,4117.629306216282,105342.52386
17323.721868485238,750,6.3609861649667,0.0,345516,3371.4635633753687,115478.939157625
17326.48379609439,750,7.599058555815446,0.0,384505,2761.927609151254,178884.1354725
17330.20445018544,1200,7.878404464765918,0.0,599477,3720.654091049529,141808.09490625
17334.88697473022,1200,7.195879919987222,0.0,634861,4682.524544778696,147381.92419875
17337.874503014293,750,8.208351635915482,0.0,398987,2987.528284071741,131717.75700875
17342.950707458254,1200,7.132147191955868,0.0,638661,5076.204443959614,157214.59982375
17345.466192511783,750,8.616662138426578,0.0,331053,2515.4850535292903,128836.59217874998
17350.315945692855,1200,7.766908957351772,0.0,550906,4849.753181074806,125352.81539500001

