10980.41788996936,750,4.0,1.5823407749373364,450283,1582.3407749373364,339951.82724250003
10980.979630051126,300,7.438259918233034,0.0,155580,561.7400817669663,339951.82724250003
10983.565246670709,1200,8.852643298652525,0.0,571051,2585.61661958051,245504.48833
10986.87336923102,1850,9.544520738341177,0.0,933276,3308.12256031135,243477.77777749998
10990.896901676613,1850,9.520988292747019,0.0,996749,4023.532445594157,326866.1971825
10994.315850233692,1850,10.102039735668889,0.0,801058,3418.948557078131,266321.7158175
10997.81780457404,1850,10.600085395319999,0.0,905515,3501.9543403488906,308442.70833374996
11004.541656305784,2850,7.876233663576664,0.0,1638769,6723.851731743334,309074.56140375
11006.654820054,1200,9.763069915361264,0.0,584846,2113.1637482154,325597.44990875
11010.874238550523,1850,9.54365141883813,0.0,913888,4219.418496523135,242914.36464125
11015.06518353622,1850,9.352706433140934,0.0,939819,4190.944985697194,277266.45264875
11019.047192279402,1850,9.370697689959341,0.0,917428,3982.008743181594,223700.9102725
11022.649535423932,1850,9.768354545428219,0.0,946851,3602.3431445311217,208992.37804875002
11027.569336028768,1850,8.848553940593145,0.0,1036454,4919.800604835074,275608.1081075
11030.89429570839,1850,9.523594260971816,0.0,821631,3324.9596796213295,208397.51552749999
11036.990808859759,1850,7.427081109603044,0.0,923170,6096.513151368771,110726.06774662499
11040.534203622163,1200,7.883686347198493,0.0,617242,3543.3947624045504,214208.38052125
11043.319579872536,1200,9.098310096825642,0.0,581493,2785.3762503728517,229503.88601
11048.293773410474,1850,8.12411655888643,0.0,987708,4974.1935379392135,167045.68527875
11052.267950704345,1200,8.149939265014924,0.0,586839,3974.1772938715058,164493.33333375
11057.938943200885,1200,6.478946768476824,0.0,601738,5670.992496538099,161327.554745
11060.806007457706,750,7.61188251165556,0.0,399894,2867.0642568212647,141610.45296125
11067.457005968783,1200,4.960884000577654,0.0,656471,6650.998511077905,155204.9319725
11068.478446255041,300,7.939443714319565,0.0,137654,1021.4402862580894,135852.2012575
11073.350554786628,1200,7.067335182732128,0.0,587236,4872.108531587438,135178.79746875
11076.148056395108,750,8.269833574252079,0.0,379700,2797.5016084800477,175812.62524999998
11082.982192242513,1200,5.435697726847794,0.0,696376,6834.135847404285,48104.48577675
11085.494507259888,300,6.923382709472718,0.0,111155,2512.3150173750755,48104.48577675
11093.147688527479,750,4.0,0.7297985581177663,400396,7653.181267590485,102852.556480375
11094.752907121425,300,6.394781406052072,0.0,149029,1605.2185939479277,102852.556480375
11098.364053017352,750,6.7836355101263015,0.0,358218,3611.14589592577,109327.215189875
11103.752955419468,750,5.3947331080098975,0.0,400322,5388.902402116404,95120.59274400001
11105.42518355684,300,7.722504970637617,0.0,143881,1672.2281373722797,95120.59274400001
11110.191915917876,1200,6.95577260960132,0.0,670129,4766.732361036297,159929.13385875
11112.399588998014,750,8.748099529462918,0.0,401088,2207.6730801384033,226738.46153874998
11115.998121888082,1200,9.149566639394049,0.0,598727,3598.53289006887,149734.375
11121.875137386009,1850,7.272551141466952,0.0,728962,5877.0154979270965,144988.80335875
11126.147264782918,1200,7.000423744558073,0.0,575591,4272.127396908879,185372.28260874999
11128.391166682666,750,8.75652184481037,0.0,378327,2243.901899747704,210521.42205999998
11131.606977868545,1200,9.54071065893012,0.0,587506,3215.8111858802495,221368.0
11137.120783784689,1850,8.026904742785835,0.0,858450,5513.805916144285,137934.41466875002
11141.1591927003,1200,7.988495827176848,0.0,641452,4038.4089156089863,177156.48854999998
11144.868139603426,1200,8.279548924048987,0.0,599477,3708.9469031278627,132274.30093250002
11150.124729997615,1200,7.02295852986142,0.0,634861,5256.590394187567,165134.30127
11151.726838382381,750,9.420850145093434,0.0,398987,1602.1083847679843,427074.51923125
11158.936466395113,1850,6.21122213236216,0.0,982064,7209.628012731275,128522.03389875
11161.317534163685,750,7.830154363790849,0.0,331053,2381.0677685713104,148457.04467375
11165.996675989325,1200,7.151012538152839,0.0,550906,4679.141825638009,77666.363636375

