15027.132785370855,750,4.0,4.948165992489615,450283,4948.165992489616,123432.448733375
15028.539571177449,300,6.593214193405611,0.0,155580,1406.7858065943897,123432.448733375
15031.076401493478,750,8.056383877378186,0.0,350812,2536.8303160274245,129379.27170874999
15036.92790426497,1200,6.204881105884349,0.0,617681,5851.502771493838,118336.59730725
15041.253573131304,750,5.879212239550563,0.0,411561,4325.668866333785,54316.926345625005
15048.206121473551,750,4.0,1.0733361026961292,318564,6952.548342246692,109979.51582862501
15049.757403831592,300,6.448717641958252,0.0,153295,1551.2823580417478,106009.4392005
15053.883220143489,750,6.322901330060445,0.0,437162,4125.816311897807,99924.6501615
15057.381687751897,750,6.824433721652471,0.0,374758,3498.4676084079742,141292.91338625
15060.676172941548,750,7.52994853199976,0.0,362795,3294.4851896527107,106585.836909875
15066.913969527517,1200,5.292151946032557,0.0,607410,6237.796585967203,76054.5661235
15069.245526441448,300,6.96059503210133,0.0,156148,2331.5569139312274,70028.77414275
15074.423706965545,750,5.7824145080035345,0.0,386351,5178.180524097796,73779.649595625
15081.254051146503,750,4.0,1.047929672955447,434409,6830.344180958981,132723.089565
15082.44459152274,300,6.809459623763999,0.0,140051,1190.540376236001,133031.5789475
15085.38006854433,750,7.873982602174376,0.0,366214,2935.4770215896233,172976.9769775
15089.859376954515,1200,7.39467419198946,0.0,617242,4479.308410184915,108693.38422387501
15095.134291928964,1200,6.119759217541157,0.0,581493,5274.914974448304,154906.8010075
15098.97647511206,750,6.277576034445234,0.0,405596,3842.1831830959227,110042.66666662501
15102.73999830821,750,6.514052838295785,0.0,350713,3763.5231961494487,101753.4168565
15106.740240369152,750,6.513810777353721,0.0,386472,4000.2420609420647,111849.468713125
15111.354706001792,750,5.899345144714688,0.0,399894,4614.465632639034,74853.66972475
15117.156753478526,750,4.097297667980384,0.0,401853,5802.047476734303,96701.818181875
15118.960206337848,300,6.293844808658658,0.0,137654,1803.4528593217253,74843.28018225
15125.788274512634,750,4.0,0.5342233661265363,359903,6828.068174785195,32823.183456625
15129.251670984375,300,4.536603528259117,0.0,153938,3463.396471740884,80161.815490875
15131.354515484818,300,6.433759027815778,0.0,181901,2102.8445004433383,114258.77689699999
15134.22025565128,750,7.568018861352044,0.0,277716,2865.740166463735,99637.183098625
15139.706262300633,1200,6.08201221199893,0.0,622896,5486.006649353114,127175.86206875001
15143.084495025625,750,6.7037794870058285,0.0,400508,3378.2327249931013,127269.89079625001
15146.316623410827,750,7.471651101804392,0.0,358218,3232.1283852014367,119624.13394925001
15150.879377299285,1200,6.908897213346855,0.0,620283,4562.753888457537,159981.51751
15153.773451620715,750,8.014822891917307,0.0,369834,2894.074321429549,154166.85456625003
15158.31049234248,1200,7.477782170152983,0.0,670129,4537.040721764323,168433.79791
15163.133032962016,1200,6.6552415506162586,0.0,690253,4822.540619536724,142654.5893725
15165.829897450876,750,7.958377061757321,0.0,365161,2696.8644888589374,157390.86294375
15168.908309694012,1200,8.879964818620019,0.0,487812,3078.412243137301,168807.14957625
15175.734459955598,1850,6.0538145570350785,0.0,938587,6826.15026158494,165191.7695475
15178.258608884402,750,7.529665628231592,0.0,378327,2524.1489288034873,160158.5144925
15182.60899642576,1200,7.1792780868716735,0.0,587506,4350.387541359918,158999.192245
15185.119628620212,750,8.668645892419555,0.0,345516,2510.63219445212,112671.619613625
15191.062213924533,1200,6.726060588099647,0.0,641452,5942.585304319908,128125.45454499999
15194.56235041144,750,7.225924101193026,0.0,372093,3500.1364869066197,102909.03857225
15201.202972678142,1200,4.585301834490911,0.0,634861,6640.622266702115,100705.805609875
15202.843678308636,300,6.944596203995706,0.0,167025,1640.7056304952043,118648.64864862499
15206.160095425486,750,7.628179087145032,0.0,393804,3316.417116850674,136084.53922375
15210.1055422769,1200,7.682732235731402,0.0,538612,3945.4468514136297,135144.7931525
15214.492737547045,1200,7.295536965585922,0.0,550906,4387.195270145481,135935.7249625

