10599.234363099917,750,4.0,3.0006457348380566,450283,3000.645734838057,140847.21266375
10600.477101204244,300,6.757261895671289,0.0,155580,1242.7381043287116,140847.21266375
10602.67625157461,750,8.558111525304456,0.0,350812,2199.1503703668336,164958.57142875
10607.765765408889,1200,7.468597691026927,0.0,617681,5089.513834277528,109927.2313815
10614.854858598575,1200,4.379504501339696,0.0,652874,7089.093189687232,137643.2090075
10615.70072821186,300,7.533634888055514,0.0,126289,845.8696132841826,188888.05970125
10619.365483264966,1200,7.868879834949491,0.0,561791,3664.7550531060224,172386.258125
10624.31769280194,1200,6.916670297976096,0.0,709534,4952.209536973395,199074.14829625
10627.903976296062,750,7.330386803854236,0.0,374758,3586.28349412186,109691.380349625
10632.089758531743,1200,7.14460456817297,0.0,560821,4185.782235681266,230227.86458375
10633.789406516431,750,9.44495658348573,0.0,353220,1699.6479846872403,235197.91666625
10637.84105320378,1850,9.39330989613615,0.0,917428,4051.6466873495797,237694.63548875
10641.999239833685,1850,9.235123266230886,0.0,946851,4158.186629905264,217963.975155
10646.288024818241,1850,8.9463382816736,0.0,1036454,4288.784984557286,253805.3977275
10650.780049860381,1850,8.45431323953511,0.0,821631,4492.02504213849,175012.158055
10654.147820075244,1200,9.086543024671231,0.0,587876,3367.7702148638805,181610.7317075
10660.904718835412,1850,6.3296442645025826,0.0,966699,6756.898760168649,157907.14285749997
10664.646702135753,750,6.587660964160889,0.0,372963,3741.9833003416934,123922.75132275
10668.826065957688,750,6.408297142225524,0.0,405596,4179.363821935365,88486.084453
10671.944377756814,750,7.289985343099215,0.0,350713,3118.3117991263084,175286.80203
10675.41638041722,1200,7.817982682693307,0.0,601738,3472.0026604059085,233020.19128625002
10678.389027197565,1200,8.845335902346857,0.0,616206,2972.6467803464498,193483.52941125
10683.212384266108,1850,8.021978833803706,0.0,968026,4823.357068543151,162496.56357375
10686.352462573195,1200,8.88190052671766,0.0,536667,3140.0783070860452,204379.310345
10691.326878387554,1850,7.907484712359435,0.0,897976,4974.415814358225,174698.83351000003
10694.484021864253,1200,8.750341235660049,0.0,590335,3157.143476699386,191821.96339375
10698.032240742265,1200,9.202122357648443,0.0,696376,3548.218878011606,227773.0769225
10701.487561574111,1850,9.746801525802551,0.0,758197,3455.32083184589,199838.57867999998
10708.044981798024,1850,7.18938130188797,0.0,972798,6557.420223914582,132793.34170875
10711.010821237169,750,8.223541862744058,0.0,400508,2965.8394391439124,133384.85558124998
10715.851955174854,1200,7.382407925058533,0.0,570392,4841.133937685525,111950.2427185
10721.302791743063,1200,5.931571356850094,0.0,620283,5450.836568208439,335862.781955
10723.184010380499,750,8.050352719413906,0.0,369834,1881.2186374361884,211230.76923125001
10726.824506201632,1200,8.409856898280486,0.0,670129,3640.4958211334197,205776.79697375
10730.285298884006,1200,8.949064215907029,0.0,690253,3460.792682373458,269633.22884
10734.481186384979,1850,8.753176714933211,0.0,943942,4195.887500973817,209311.45038125
10737.13439878954,1200,10.0999643103728,0.0,487812,2653.2124045604123,146928.449745
10746.743876084696,1850,4.490487015215589,0.0,938587,9609.47729515721,86634.531805625
10749.683549037269,300,5.550814062643511,0.0,144254,2939.6729525720784,43433.009708749996
10751.612571110041,300,7.621791989870539,0.0,149991,1929.022072772971,133758.82353
10756.616858310397,1200,6.6175047895145225,0.0,566904,5004.287200356017,256078.651685
10758.506294731156,750,8.728068368755167,0.0,384505,1889.4364207593567,232808.89423125001
10761.396125507243,1200,9.838237592669648,0.0,599477,2889.8307760855196,216653.9548025
10765.558797811476,1850,9.675565288436594,0.0,973972,4162.672304233054,253287.8581175
10772.259656721855,1850,6.974706378059097,0.0,958994,6700.858910377497,77146.4304325
10776.188907321459,750,7.045455778454299,0.0,393804,3929.2505996047985,107675.96566525001
10780.985640270945,750,6.248722828968976,0.0,331053,4796.732949485323,78724.398931375
10782.97271611279,750,8.261646987123044,0.0,314107,1987.0758418459313,215265.88983

