595.8461829334549,750,4.0,2.6661221575738243,450283,2666.122157573824,188428.57142875
597.1222492617346,300,6.723933671720184,0.0,155580,1276.066328279816,98124.11347512499
602.9333918450886,750,4.912791088366139,0.0,350812,5811.142583354045,50331.559340125
606.2575881298478,300,5.5885948036070925,0.0,155432,3324.1962847590466,55176.618705
609.3353818822658,300,6.510801051189022,0.0,163442,3077.7937524180707,95317.251462
612.4221334303895,750,7.42404950306521,0.0,318564,3086.7515481238115,143000.0
617.3614812033048,1200,6.484701730149989,0.0,561791,4939.347772915221,138655.71321875
625.1835014324931,750,4.0,1.3373184990382925,437162,7822.0202291882815,124533.58561962501
626.2124822179934,300,6.971019214499758,0.0,150710,1028.9807855002427,212034.1515475
627.8582888217046,750,9.325212610788572,0.0,362795,1645.8066037111844,259726.31579
632.308660281443,1850,8.874841151050113,0.0,939819,4450.371459738458,159837.956205
638.993205566435,1850,6.190295866058192,0.0,917428,6684.545284991921,72920.894926125
642.0226144222661,750,7.160887010227085,0.0,386351,3029.408855831108,221137.02928875
643.8817167529834,750,9.30178467950983,0.0,434409,1859.1023307172568,291128.66449500003
647.0904977650076,1850,10.0930036674856,0.0,821631,3208.781012024228,200515.06316750002
652.3027944430489,1850,8.880706989444374,0.0,923170,5212.296678041227,92697.162426625
660.6614316977596,1850,4.522069734733761,0.0,966699,8358.637254710613,205608.26032499998
661.3759756862013,300,7.807525746292084,0.0,150616,714.5439884416766,278359.22330125
663.6334546588048,1200,9.550046773688543,0.0,639204,2257.4789726035424,317265.72327
667.4148199686935,1850,9.768681463799894,0.0,923755,3781.3653098886475,228506.81536500002
672.250744458626,1850,8.93275697386741,0.0,891604,4835.924489932485,188428.57142875
687.1838757760382,1850,4.0,6.000374343544916,955231,14933.131317412326,95317.251462
688.4859525181496,300,6.697923257888592,0.0,163927,1302.0767421114087,143000.0
691.7119934531914,750,7.471882322846785,0.0,343800,3226.0409350418067,107138.90808575
700.6960548105801,1200,4.0,1.5121790345418813,587236,8984.061357388666,124533.58561962501
701.9050760069675,300,6.790978803612573,0.0,153938,1209.0211963874274,212034.1515475
703.8460765505645,750,8.849978260015614,0.0,425781,1941.0005435969595,259726.31579
707.1826294753064,1850,9.513425335273757,0.0,758197,3336.552924741856,174891.196835
713.3577862786876,1850,7.338268531892478,0.0,972798,6175.15680338128,72920.894926125
718.5112833329202,1200,6.184771477659792,0.0,641447,5153.4970542326855,284288.07947
720.0514910245288,750,8.644563786051272,0.0,358218,1540.2076916085205,291128.66449500003
722.3474399414719,1200,10.348614869108124,0.0,620283,2295.948916943149,235697.70992375
726.9027360358209,1850,9.793318774759095,0.0,885062,4555.296094349029,191369.46902624998
736.064695628381,1850,4.631359182199069,0.0,1035329,9161.959592560026,205608.26032499998
737.0202544752303,300,7.675800335349674,0.0,179328,955.5588468493944,278359.22330125
739.1760235045641,1200,9.520031306015957,0.0,598727,2155.769029333718,317265.72327
742.061219897477,1850,10.634834913102939,0.0,728962,2885.196392913019,264947.96380125004
751.7020781664141,2850,4.9939766441657865,0.0,1499009,9640.858268937152,54269.435868625005
754.605906889328,300,6.090147921251923,0.0,144254,2903.828722913864,50331.559340125
761.8660031192026,750,4.0,1.1699483086225881,390680,7260.096229874511,95317.251462
763.4867094049523,300,6.379293714250172,0.0,147968,1620.7062857498272,143000.0
766.7815584276083,750,7.084444691594279,0.0,384505,3294.849022655893,107138.90808575
770.5193525192132,750,7.346650599989436,0.0,372093,3737.7940916048433,63143.3499425
778.737566625547,1200,4.0,0.8715635063444115,634861,8218.214106333848,265022.98850625
779.4848580380371,300,7.252708587509678,0.0,167025,747.2914124903216,259726.31579
782.0781718262496,1200,8.659394799297285,0.0,638661,2593.3137882123933,249877.63713125
785.3966376443057,1200,9.340928981241131,0.0,538612,3318.4658180561523,161663.48448625
792.0550623619104,1850,6.682504263636523,0.0,846370,6658.424717604608,105496.947497

