2749.044980108353,750,4.0,5.84241140162946,450283,5842.41140162946,99056.631171375
2750.7782608540842,300,6.266719254268797,0.0,155580,1733.2807457312028,99056.631171375
2753.637314408492,750,7.407665699861212,0.0,350812,2859.0535544075847,133879.42029
2758.0760126763344,1200,6.968967432018703,0.0,617681,4438.69826784251,161404.0066775
2760.916107938172,750,8.12887217018151,0.0,411561,2840.0952618371934,144300.09407375
2764.226248970566,1200,8.81873113778753,0.0,520315,3310.1410323939776,192851.51515125
2769.6754585917365,1850,7.369521516617097,0.0,905515,5449.209621170433,160722.8327225
2774.1016033903525,1200,6.943376718000994,0.0,709534,4426.144798616103,180892.644135
2776.23488376808,750,8.810096340273288,0.0,374758,2133.2803777277054,204445.33947125
2782.8062069552957,1850,6.238773153057991,0.0,913888,6571.323187215297,108551.075268875
2788.0631665208684,750,4.981813587485316,0.0,353220,5256.959565572675,65655.03597124999
2790.48812265886,300,6.556857449493622,0.0,156148,2424.9561379916945,70417.27791362499
2795.3985088950067,750,5.646471213347025,0.0,386351,4910.386236146596,77138.364779875
2803.8627107650873,750,4.0,2.8177306567337963,434409,8464.201870080822,86476.58945287499
2805.5793860847607,300,6.28332468032717,0.0,140051,1716.6753196728293,101314.6622735
2809.102812421671,750,6.759898343416646,0.0,366214,3523.4263369105242,128314.67661750001
2812.7163600534086,750,7.146350711679222,0.0,360831,3613.5476317374237,87501.958863875
2816.6510427256308,750,7.211668039457238,0.0,372963,3934.6826722219853,115640.3743315
2822.3040913041564,1200,5.558619460931187,0.0,639204,5653.048578526051,159045.80896625
2823.3108386328286,300,8.551872132259138,0.0,140881,1006.7473286720478,160107.39436625
2827.0544678409096,1200,8.8082429241781,0.0,601738,3743.629208081039,168135.082605
2833.3335145479973,1850,6.5291962170903455,0.0,955231,6279.046707087754,175309.88024
2835.7623749343084,750,8.100335830779473,0.0,401853,2428.8603863108715,186884.0736725
2838.360035044696,1200,9.502675720391974,0.0,536667,2597.660110387499,199604.0462425
2844.4388303695723,1850,7.423880395515472,0.0,897976,6078.795324876501,97966.01244612501
2848.951049856131,1200,6.911660908956486,0.0,590335,4512.219486558986,171259.68109375
2851.8884622623227,750,7.974248502765019,0.0,425781,2937.412406191467,170663.724625
2855.7128687717163,1200,8.14984199337109,0.0,487160,3824.406509393929,117896.925859
2860.7001495206796,1200,7.162561244408394,0.0,622896,4987.280748962696,114922.164566375
2864.266096995509,750,7.596613769578682,0.0,400508,3565.947474829712,155562.79509
2868.2950605438687,1200,7.567650221219128,0.0,570392,4028.963548359554,172324.36472375
2872.2788699163802,1200,7.5838408487073234,0.0,620283,3983.809372511804,131010.44386375
2876.6543449205724,1200,7.2083658445154635,0.0,584349,4375.4750041918605,149639.91163500003
2880.73780075899,1200,7.124910006097912,0.0,670129,4083.4558384175502,196700.389105
2883.6843176912153,750,8.17839307387256,0.0,401088,2946.516932225353,127123.87251999999
2889.1241004120284,1200,6.7386103530593635,0.0,598727,5439.782720813196,103504.92182975
2892.8059674541105,750,7.056743310977571,0.0,321064,3681.8670420817925,77032.98538625
2897.241295505604,750,6.621415259484103,0.0,361565,4435.328051493468,195388.25757625
2899.5259510906617,750,8.336759674426203,0.0,378327,2284.6555850579007,183072.74590125
2902.985584941706,1200,8.877125823382448,0.0,587506,3459.633851043754,170389.38848874997
2907.938293306507,1850,7.924417458581039,0.0,858450,4952.7083648014095,211702.31958749998
2911.514708625782,1200,8.348002139305851,0.0,641452,3576.4153192751874,184645.45454500002
2915.2197751841663,1200,8.642935580921906,0.0,599477,3705.066558383948,159705.8823525
2919.9767144004413,1200,7.885996364646557,0.0,634861,4756.939216275348,123430.3882195
2928.88485320254,1200,4.0,1.0221424374520103,630203,8908.138802098567,63066.5639445
2931.6364498539906,300,5.248403348549238,0.0,160064,2751.5966514507622,63066.5639445
2934.011552067799,300,6.873301134740761,0.0,137507,2375.102213808477,63066.5639445
2939.6388223800977,750,5.246030822442015,0.0,314107,5627.270312298746,56341.555327125

