6193.223117250448,750,4.0,1.3915974527875299,450283,1391.5974527875298,378282.80961125
6193.736043137884,300,7.487074112564271,0.0,155580,512.9258874357297,378282.80961125
6195.86704874259,1200,9.356068507858284,0.0,571051,2131.0056047059857,260965.648855
6199.218745354741,1850,10.00437189570663,0.0,933276,3351.6966121516543,282488.02946625004
6202.529297437906,1850,10.69381981254094,0.0,996749,3310.552083165691,306369.63696375
6206.620437037195,2850,10.602680213251716,0.0,1224260,4091.1395992892226,413530.7262575
6210.64937777916,2850,10.573739471286576,0.0,1388403,4028.9407419651407,349628.7744225
6216.216842880126,2850,9.006274370321284,0.0,1638769,5567.465100965291,293904.5226125
6219.402512195706,1850,9.820605054742085,0.0,852833,3185.669315579199,306928.44677125
6222.779105623917,1850,10.444011626531111,0.0,913888,3376.593428210974,266569.44444500003
6229.37577102987,2850,7.847346220577586,0.0,1354548,6596.665405953525,228213.48314625002
6231.2655410958305,1200,9.957576154616925,0.0,594078,1889.7700659606612,290463.98305125
6234.94507482182,1850,10.278042428628279,0.0,946851,3679.533725988646,306691.72932375
6239.566757789346,1850,9.656359461101685,0.0,1036454,4621.682967526594,256776.66248374997
6242.55694719089,1850,10.666170059558231,0.0,821631,2990.189401543454,324994.96644249995
6247.911410635654,2850,9.311706614794678,0.0,1471065,5354.463444763552,327758.98520125
6252.006927637113,1850,9.216189613335212,0.0,966699,4095.5170014594682,275938.88888875
6255.904719389293,1850,9.318397861155267,0.0,885714,3897.7917521799436,258231.10465124997
6260.105573296594,1850,9.117543953853799,0.0,987708,4200.853907301467,288868.57142875
6263.687747411871,1850,9.535369838576619,0.0,923755,3582.174115277182,258989.44193
6267.32855251431,1850,9.894564736137687,0.0,891604,3640.805102438932,215316.59693124998
6270.974328737024,1850,10.248788513423097,0.0,955231,3645.7762227145904,322757.46268625
6274.133037379802,1850,11.090079870644674,0.0,968026,3158.7086427784234,298797.75280874997
6278.932690457718,2850,10.290426792728518,0.0,1323990,4799.653077916155,327205.25059625
6281.962757103761,1850,11.260360146686493,0.0,897976,3030.066646042026,336608.6956525
6286.897151836239,2850,10.325965414208707,0.0,1480464,4934.394732477787,345506.30252125
6291.373133096986,1850,9.849984153461778,0.0,1076599,4475.9812607469285,272937.9509375
6294.374967759815,1850,10.848149490632327,0.0,758197,3001.834662829449,319269.23076875
6299.75792350772,2850,9.46519374272709,0.0,1498470,5382.955747905238,323947.48358874995
6302.962267950685,1850,10.260849299762617,0.0,975811,3204.3444429644733,421111.53846124996
6305.564578992066,1850,11.658538258381439,0.0,873429,2602.311041381177,294388.7096775
6311.51465596408,2850,9.708461286366758,0.0,1497683,5950.076972014681,266609.82659
6315.433959804555,1850,9.789157445891485,0.0,885062,3919.303840475272,239073.00275500002
6319.78119367157,1850,9.441923578876908,0.0,1035329,4347.233867014578,265909.35672499996
6323.305824902489,1850,9.917292347958542,0.0,1026056,3524.6312309183654,332971.947195
6326.284561909161,1850,10.938555341286271,0.0,943942,2978.7370066722706,322418.69158875
6330.800834427924,2850,10.422282822523776,0.0,1139291,4516.272518762496,228885.1774525
6340.651381837018,2850,4.571735413430281,0.0,1499009,9850.547409093495,174200.0
6341.543932034838,300,7.679185215610558,0.0,144254,892.550197819723,230665.85365875
6344.072134279227,1200,9.150982971221827,0.0,587506,2528.202244388731,264443.2835825
6347.74463651485,1850,9.47848073559836,0.0,858450,3672.502235623468,260666.13924
6351.878030380838,1850,9.345086869610721,0.0,1025005,4133.3938659876385,261462.64367875
6355.671551877291,1850,9.551565373157262,0.0,886255,3793.5214964534584,272766.4429525
6358.666429270054,1850,10.556687980393741,0.0,973972,2994.8773927635207,275165.605095
6364.952900637822,2850,8.270216612626662,0.0,1464921,6286.471367767079,233934.2403625
6368.016444618837,1200,9.206672631610733,0.0,638661,3063.54398101593,210639.56310625002
6371.395977664898,1850,9.82713958554952,0.0,830730,3379.5330460612113,281832.469775
6375.462536641883,1850,9.760580608565327,0.0,846370,4066.5589769841945,238307.162535

