12131.852414118855,750,4.0,3.8635903273045304,450283,3863.5903273045305,141138.62068999998
12133.092751525102,300,6.759662593753583,0.0,155580,1240.3374062464177,141138.62068999998
12136.192525676119,750,7.659888442736641,0.0,350812,3099.7741510169417,145981.0366625
12140.939190496681,1200,6.913223622173094,0.0,617681,4746.664820563547,111834.586466125
12144.359296687446,750,7.493117431406932,0.0,411561,3420.106190766162,156043.74364250002
12148.285745026516,1200,7.566669092337765,0.0,520315,3926.4483390691667,125195.40983625
12153.015668695645,1200,6.836745423207996,0.0,561791,4729.923669129769,124803.78787875001
12157.196627477399,750,6.655786641456085,0.0,437162,4180.958781751911,108923.245614
12160.607495201888,750,7.24491891696755,0.0,374758,3410.8677244885353,126533.33333375
12166.208342878565,1200,5.644071240289006,0.0,560821,5600.847676678544,97456.390565
12169.974222668372,750,5.8781914504813635,0.0,353220,3765.8797898076427,84352.08012325001
12179.130504573444,750,4.0,3.278090454589894,405134,9156.281905071257,40553.351744875006
12183.342795781573,300,4.0,0.21229120812971178,160746,4212.291208129712,46720.887245875
12187.649928603212,300,4.0,0.307132821638892,179801,4307.132821638892,39378.856526375006
12191.450460199943,300,4.1994684032678,0.0,140051,3800.5315967322003,48350.307778375
12194.54166402198,300,5.108264581229987,0.0,138313,3091.2038220378126,48350.307778375
12198.010817854953,300,5.639110748257688,0.0,143509,3469.1538329722994,43796.768179
12206.126093176563,750,4.0,2.4761645733523046,372963,8115.275321609993,39570.634553
12211.195540167102,300,4.0,1.0694469905395008,165384,5069.446990539501,33133.086190875
12215.024315298524,300,4.171224868578205,0.0,140881,3828.775131421795,45908.16326525
12218.008686947293,300,5.186853219809634,0.0,157671,2984.3716487685715,91243.32344212501
12219.827039599877,300,7.368500567225161,0.0,157812,1818.3526525844732,113432.770022
12227.408382206982,1200,4.0,0.2128420398795479,656471,7581.342607104709,66646.40059675
12230.706538808643,300,4.701843398337878,0.0,137654,3298.1566016621227,42551.360627625
12235.045886626589,300,4.362495580393796,0.0,146754,4339.347817944081,33500.774593375
12239.338332924404,300,4.070049282576892,0.0,153938,4292.446297816905,44456.358517124994
12244.017134443659,300,4.0,0.6087522366766288,181901,4678.80151925352,37997.580290375
12247.107863310433,300,4.909271133224593,0.0,111155,3090.7288667754074,45252.634498
12250.772466418923,300,5.244668024736494,0.0,153605,3664.6031084880988,42239.20111475
12254.56637736986,300,5.45075707379838,0.0,149029,3793.910950938113,42239.20111475
12259.381184937962,300,4.635949505696888,0.0,157421,4814.8075681014925,34118.585044
12262.793139410953,300,5.223995032706889,0.0,157488,3411.9544729899994,60110.135382375
12265.172598080913,300,6.844536362746043,0.0,143881,2379.4586699608462,69957.70638475001
12273.268047226227,750,4.0,1.2509127825689548,412837,8095.449145314998,48940.33470775
12277.20511761442,300,4.062929611807878,0.0,179328,3937.0703881921227,48940.33470775
12281.58019497588,300,4.0,0.31214774965215836,159914,4375.077361460036,38396.873643125
12285.121206442172,300,4.458988533709296,0.0,131610,3541.011466290703,40478.0041335
12287.73670870844,300,5.843486267439923,0.0,124011,2615.502266269374,51385.2566915
12294.157485251164,750,4.0,0.5772902752831042,378327,6420.776542723027,71780.84857925
12296.437031039253,300,5.720454211911681,0.0,149991,2279.545788088319,71780.84857925
12301.752327309341,750,4.405157941823978,0.0,345516,5315.296270087703,55220.948827249995
12304.917674321516,300,5.239810929647894,0.0,161857,3165.3470121760843,55220.948827249995
12307.74468886985,300,6.412796381313481,0.0,145210,2827.0145483344127,56137.224782375
12313.183364284596,750,4.974120966569389,0.0,438281,5438.675414744092,115687.394007875
12314.723906639978,300,7.433578611186044,0.0,167025,1540.5423553833448,122640.56674125
12319.728319314543,1200,6.4291659366217715,0.0,638661,5004.412674564272,135452.4475525
12322.206027726545,750,7.951457524620744,0.0,331053,2477.7084120010277,153583.79666375
12326.741740114316,1200,7.415745136848069,0.0,550906,4535.712387772675,121108.978328125

