14264.803116473933,750,4.0,3.5949223786930258,450283,3594.9223786930256,124030.909090875
14266.187438157862,300,6.615678316071856,0.0,155580,1384.3216839281442,142267.3010375
14269.117357319066,750,7.6857591548672755,0.0,350812,2929.91916120458,121102.2548505
14274.747649953779,1200,6.055466520154292,0.0,617681,5630.292634712983,158234.04255375
14278.270028338471,750,6.533088135462609,0.0,411561,3522.3783846916826,124303.88978925
14280.967484517083,750,7.835631956851643,0.0,318564,2697.4561786109666,155282.20858874999
14285.065308940033,1200,7.737807533902453,0.0,561791,4097.82442294919,146188.9763775
14290.894781472407,1200,5.908335001527475,0.0,709534,5829.472532374977,121291.819291875
14293.950679200023,750,6.852437273910567,0.0,374758,3055.897727616908,111986.4615385
14296.971129220188,750,7.831987253747138,0.0,362795,3020.45002016343,137723.25581375
14301.775534470658,1200,7.027582003276614,0.0,607410,4804.405250470523,121829.136690625
14305.131152308451,750,7.671964165484092,0.0,405134,3355.6178377925216,135279.73199375
14310.487838943158,1200,6.315277530778313,0.0,624282,5356.686634705779,98420.39106149999
14314.863863751372,750,5.939252722563919,0.0,434409,4376.024808214394,93985.698569875
14317.782840258578,750,7.020276215359259,0.0,337059,2918.976507204659,124794.452347125
14321.42826296635,750,7.374853507586765,0.0,366214,3645.4227077724936,106838.75432525
14328.515187995426,1200,4.2879284785102785,0.0,617242,7086.925029076488,99351.459645125
14330.18013281108,300,6.622983662858286,0.0,150616,1664.9448156519923,116732.79352225
14333.742946762557,750,7.060169711380021,0.0,405596,3562.813951478265,119211.18012425
14336.815098936078,750,7.988017537857704,0.0,350713,3072.1521735223173,115848.40764325
14342.517908308217,1200,6.285208165719155,0.0,601738,5702.809372138549,105797.0479705
14346.510816308362,750,6.292300165573602,0.0,399894,3992.908000145553,108019.8072805
14350.283540399108,750,6.519576074827698,0.0,401853,3772.7240907459036,114823.283082125
14353.47904062813,750,7.324075845805566,0.0,343800,3195.5002290221314,113972.74939175001
14361.113535299284,1200,4.0,0.31041882534978416,587236,7634.49467115535,52939.64957825
14363.149251629266,300,5.964283670019418,0.0,153938,2035.7163299805825,97226.18488975
14367.58811080065,750,5.52542449863387,0.0,425781,4438.859171385548,134193.3904525
14368.54002604747,300,8.573509251814684,0.0,111155,951.9152468191846,134193.3904525
14374.573028620249,1200,6.540506679035685,0.0,622896,6033.002572779,111999.03006787499
14378.758459528393,750,6.355075770889495,0.0,400508,4185.430908146191,97135.65891474999
14382.428837560745,750,6.684697738537756,0.0,358218,3670.378032351738,151418.95066499998
14385.418427565262,750,7.695107734020301,0.0,400322,2989.590004517455,158461.77685999998
14390.791701625367,1200,6.321833673914573,0.0,584349,5373.2740601057285,105319.29347825001
14395.048326779524,750,6.065208519757697,0.0,412837,4256.625154156876,108739.933993375
14400.074284329547,750,5.039250969735341,0.0,401088,5025.9575500223555,69646.56084650001
14402.888777579128,300,6.22475772015264,0.0,159914,2814.4932495827006,61395.55006175
14407.806265456195,750,5.307269843087471,0.0,321064,4917.487877065169,67349.370836375
14409.824485414536,300,7.28904988474542,0.0,124011,2018.2199583420509,67349.370836375
14421.015610425493,1200,4.0,3.9020751262107134,605884,11191.125010956133,47624.619399749994
14423.863259066979,300,5.152351358514023,0.0,149991,2847.6486414859764,77769.23076925
14425.92994173515,300,7.085668690342318,0.0,147968,2066.6826681717057,117237.045860625
14429.772677887699,750,7.242932537793996,0.0,384505,3842.736152548322,110375.5458515
14435.371766362172,1200,5.64384406332187,0.0,599477,5599.088474472126,106933.23217
14439.612581037889,750,5.4030293876055495,0.0,438281,4240.81467571632,126193.50073875
14441.396815013073,300,7.618795412421265,0.0,167025,1784.2339751842849,102672.601952875
14452.831935842622,1200,4.0,3.8163254171269854,638661,11435.12082954825,47388.608176375
14456.040165623142,300,4.791770219477858,0.0,137507,3208.2297805221424,44377.996467375
14458.929073057758,300,5.902862784862891,0.0,118421,2888.907434614966,44377.996467375

