19276.14207533537,750,4.0,4.236019030700693,450283,4236.019030700693,154104.668675
19277.284784352956,300,6.857290982416554,0.0,155580,1142.7090175834455,154104.668675
19280.880626956598,750,7.261448378775008,0.0,350812,3595.842603641546,117467.955239125
19285.258990043905,1200,6.883085291467199,0.0,617681,4378.363087307809,80199.917046875
19291.02129383585,750,5.12078149952276,0.0,411561,5762.30379194444,99217.98188875
19292.482182972315,300,7.659892363054733,0.0,126289,1460.8891364680264,60837.013996875
19303.358124457776,1200,4.0,3.216049122406907,561791,10875.94148546164,94415.34713762501
19305.56271239837,300,5.795412059406593,0.0,173849,2204.587940593406,63365.18771325
19312.4213365937,750,4.0,1.0632121359217062,374758,6858.6241953283,54475.409836125
19315.124756857305,300,5.296579736394024,0.0,139105,2703.4202636059754,61973.634651625
19317.26635969503,300,7.154976898671839,0.0,141840,2141.602837722186,136172.72104125
19320.21270884803,750,8.208627745672345,0.0,405134,2946.3491529994935,168040.86265625
19324.47577340968,1200,7.945563184021201,0.0,624282,4263.064561651145,183799.3763
19327.75040910339,1200,8.670927490310458,0.0,687371,3274.6356937107435,250752.8662425
19330.192521508,1200,10.228815085698907,0.0,526950,2442.112404611551,156804.9828175
19339.901915138602,1850,4.519421455096712,0.0,923170,9709.393630602195,130476.64233625
19340.955766767354,300,7.465569826345304,0.0,143509,1053.851628751409,164289.3258425
19346.069597365757,1200,6.351739227941787,0.0,581493,5113.830598403517,129848.96161125001
19349.49150390794,750,6.92983268575971,0.0,405596,3421.9065421820765,118637.730690375
19354.149032811958,750,6.272303781738775,0.0,350713,4657.5289040209345,98478.69022875
19357.597014635503,750,6.82432195819353,0.0,386472,3447.9818235452444,190409.56826125
19359.776827717855,750,8.644508875843048,0.0,399894,2179.813082350481,233271.929825
19362.498557153933,1200,9.922779439766833,0.0,656471,2721.729436076215,275057.23370375
19366.568767542296,1850,9.852569051405595,0.0,874175,4070.210388361238,172469.8085425
19372.582383792884,1850,7.838952800814734,0.0,897976,6013.6162505908615,132813.46153875
19377.831896712963,1200,6.589439880735699,0.0,590335,5249.512920079034,111191.38359575
19381.683581437435,750,6.737755156262292,0.0,425781,3851.6847244734076,112764.6484375
19384.249283632227,750,8.172052961471714,0.0,277716,2565.7021947905787,140540.596095
19390.05066158246,1200,6.370675011237617,0.0,622896,5801.377950234096,90567.681498875
19393.709935475665,750,6.71140111803121,0.0,400508,3659.273893206408,88342.818428125
19401.105874491026,750,4.0,0.6845378973286688,358218,7395.939015359879,33702.206531375
19406.090529138575,300,4.0,0.9846546475515024,157488,4984.654647551502,35836.80073975
19410.396734633603,300,4.0,0.30620549502720135,143881,4306.205495027201,35836.80073975
19415.263337891643,300,4.0,0.8666032580380834,163444,4866.603258038083,35945.788964125
19421.373358904337,300,4.0,2.11002101269445,179328,6110.02101269445,30798.467003125
19426.32153745206,300,4.0,0.9481785477207759,159914,4948.178547720776,34741.916747375
19430.611601395947,300,4.0,0.29006394389019713,131610,4290.063943890197,32598.315998
19434.305732107812,300,4.305869288136692,0.0,124011,3694.130711863309,36956.101190500005
19438.536771664723,300,4.074829731223507,0.0,144254,4231.039556913184,35981.585518125
19442.88767810013,300,4.0,0.2760767041860363,149991,4350.9064354095435,37727.828746125
19447.127076729405,300,4.0,0.23939862927260674,147968,4239.398629272607,37267.66332175
19451.836860270352,300,4.0,0.7097835409438012,161857,4709.783540943801,36274.715344250006
19456.101178301207,300,4.0,0.26431803085520916,145210,4264.318030855209,38521.899392875
19460.63194246958,300,4.0,0.5307641683709317,172312,4530.764168370932,89210.393541875
19462.65879159775,300,5.973150871827015,0.0,167025,2026.849128172985,129726.30331750002
19465.353822743487,750,7.278119726090044,0.0,393804,2695.0311457369703,194699.30761625
19467.755949712366,1200,8.875992757212424,0.0,538612,2402.1269688776188,270802.67062375
19471.268654912914,1850,9.363287556661923,0.0,846370,3512.705200550501,252387.0014775

