22208.01067429888,750,4.0,5.057839080863765,450283,5057.839080863765,124844.65116275
22209.441411813932,300,6.569262484946178,0.0,155580,1430.7375150538228,111648.117839625
22212.70826802532,750,7.30240627355801,0.0,350812,3266.856211388167,106670.669746
22218.375905905938,1200,5.634768392942867,0.0,617681,5667.637880615143,115847.48803825
22221.91791964994,750,6.09275464893999,0.0,411561,3542.013744002877,129907.96703249999
22224.839037523052,750,7.171636775826639,0.0,318564,2921.117873113351,116910.340705375
22227.776043077058,750,8.23463122182175,0.0,352642,2937.0055540048884,131944.022115
22234.709139859628,1200,5.301534439254462,0.0,709534,6933.096782567288,88351.550960125
22236.83230115847,300,7.178373140412526,0.0,150710,2123.1612988419365,65067.721206125
22240.791040201868,750,7.219634097011811,0.0,362795,3958.7390434007148,107742.99065425
22245.986441627956,1200,6.0242326709239755,0.0,607410,5195.401426087836,102695.3757225
22250.20338798621,750,5.807286312671069,0.0,405134,4216.946358252906,100356.5536205
22253.579846967026,750,6.430827331853678,0.0,386351,3376.458980817392,114977.219626125
22259.258909568212,750,4.751764730668229,0.0,434409,5679.062601185449,84972.5325885
22261.04808532791,300,6.962588970970792,0.0,140051,1789.1757596974364,90002.083333375
22266.165209034643,750,5.845465264237851,0.0,366214,5117.12370673294,71725.14619887501
22271.005980747428,750,5.004693551454856,0.0,360831,4840.771712782996,84237.983034875
22272.958052160015,300,7.0526221388708805,0.0,150616,1952.071412583975,88348.942598125
22276.671836911508,750,7.338837387378627,0.0,405596,3713.784751492254,140092.55898375
22281.453988626217,1200,6.556685672670947,0.0,586839,4782.151714707679,127264.24501375
22285.852983129094,750,6.157691169791665,0.0,386472,4398.994502879283,88399.59121099999
22289.55467853309,750,6.455995765794083,0.0,399894,3701.6954039975813,134425.68093375
22293.315599590314,750,6.695074708574782,0.0,401853,3760.9210572193015,69433.4203655
22297.393565061873,750,6.6171092370131674,0.0,343800,4077.9654715616143,146032.258065
22300.089433125075,750,7.921241173814582,0.0,359903,2695.8680631985853,106689.428759
22304.919884985884,1200,7.090789313007199,0.0,590335,4830.451860807383,160349.7076025
22307.772190130607,750,8.238484168285119,0.0,425781,2852.3051447220796,136143.64640875
22312.56923582845,1200,7.441438470438491,0.0,487160,4797.045697846628,83586.06557375
22323.49559254255,1200,4.0,3.484918243657392,622896,10926.356714095882,70413.431269625
22325.608931282677,300,5.88666125986967,0.0,149029,2113.33874013033,95497.433504375
22329.379235077464,750,6.116357465083874,0.0,358218,3770.303794785796,81576.121511875
22334.71115521358,750,4.784437328969246,0.0,400322,5331.920136114629,68193.197278875
22336.821797788158,300,6.673794754389126,0.0,143881,2110.64257458012,84436.35571049999
22341.817847950802,750,5.677744591744684,0.0,412837,4996.050162644442,65312.845303875
22347.29283855116,750,4.2027539913842284,0.0,401088,5474.990600360456,123168.13602012499
22348.9415130177,300,6.5540795248455,0.0,159914,1648.674466538728,102237.16099250001
22352.059330587086,750,7.436261955458227,0.0,321064,3117.817569387273,104891.745602125
22361.01287339335,1200,4.0,1.5172808508075433,575591,8953.54280626577,67131.313131375
22363.21256969358,300,5.800303699768802,0.0,144254,2199.696300231198,73332.59052925
22369.308877743613,750,4.0,0.2960043502647195,390680,6096.308050033521,59312.5
22371.85577563336,300,5.453102110252592,0.0,147968,2546.8978897474076,70781.01905875001
22374.325159271073,300,6.9837184725396675,0.0,161857,2469.3836377129246,73091.041514875
22380.164065976256,750,5.1448117673594105,0.0,372093,5838.906705180257,57500.813008125
22383.332708748567,300,5.97616899504685,0.0,172312,3168.642772312561,63804.77855475
22389.0562043755,750,4.252673368114126,0.0,398987,5723.495626932723,80507.56646212499
22391.181757200957,300,6.127120542658145,0.0,160064,2125.552825455982,84170.922355375
22395.9241816358,750,5.38469610781423,0.0,331053,4742.424434843914,59144.84769925
22397.966179685933,300,7.342698057682018,0.0,118421,2041.9980501322123,74164.806867

