22008.623862362452,750,4.0,5.775321338143219,450283,5775.321338143219,132374.51487749998
22009.94102210732,300,6.682840255133825,0.0,155580,1317.159744866175,132374.51487749998
22012.674962681136,750,7.94889968131505,0.0,350812,2733.940573818775,131590.88319125
22017.896228031823,1200,6.727634330628675,0.0,617681,5221.265350686375,85331.8623125
22022.759309913097,750,5.86455244935188,0.0,411561,4863.081881276795,127613.14475874999
22025.294330517216,750,7.329531845232286,0.0,318564,2535.0206041195934,124509.48699925
22031.68463238901,1200,4.939229973441966,0.0,561791,6390.30187179032,142925.327175
22033.022050215983,300,7.601812146467283,0.0,173849,1337.4178269746833,154107.577175
22038.0109207168,1200,6.612941645649371,0.0,584846,4988.870500817912,129938.52191
22040.55691195791,750,8.066950404538945,0.0,362795,2545.991241110426,173312.3809525
22045.29928796462,1200,7.324574397828588,0.0,607410,4742.376006710357,101094.911377875
22054.99869611167,1200,4.0,2.374833749223397,594078,9699.408147051985,62808.23229099999
22057.70725015409,300,5.29144595758067,0.0,160746,2708.554042419329,64661.32906325001
22060.629047280418,300,6.3696488312536195,0.0,179801,2921.797126327051,104897.12643675001
22064.057752238157,750,6.940943873511315,0.0,337059,3428.7049577423054,107132.052076875
22068.805430717817,750,6.193265393850582,0.0,366214,4747.678479660733,84836.95652174999
22073.62935303963,750,5.369343072039292,0.0,360831,4823.92232181129,104472.822910625
22075.117351621295,300,7.881344490370996,0.0,150616,1487.9985816682959,113493.53169475
22083.45594735483,1200,4.0,0.4572512431586447,639204,8338.59573352964,102667.834209
22084.96375450314,300,6.49219285168734,0.0,140881,1507.8071483126598,110980.74534162499
22089.29066441879,750,6.165282936035861,0.0,386472,4326.909915651479,52823.816793875005
22096.163854423536,750,4.0,0.7079070687092526,399894,6873.190004745114,70246.848312375
22098.619417342317,300,5.544437081217025,0.0,163927,2455.562918782974,74750.801649125
22100.752256235897,300,7.411598187634227,0.0,137654,2132.8388935827984,66477.33918124999
22110.00256713843,1200,4.0,1.8387127148994513,587236,9250.310902533678,72523.60876900001
22112.33422382609,300,5.668343312342711,0.0,153938,2331.6566876572892,71759.021153
22119.668339831613,750,4.0,1.6657726931822563,425781,7334.1160055249675,75225.861335625
22121.303725985796,300,6.364613845817354,0.0,111155,1635.3861541826457,75225.861335625
22126.656611876235,750,5.011727955377633,0.0,400396,5352.885890439722,82440.689897875
22128.74644364555,300,6.921896186062963,0.0,149029,2089.83176931467,72936.152219875
22134.207955922393,750,5.460383909221503,0.0,358218,5461.512276841459,51144.208037874996
22136.62654159199,300,7.041798239621728,0.0,157488,2418.5856695997754,139053.02013375002
22139.5061855479,750,8.162154283712185,0.0,369834,2879.643955909542,139053.02013375002
22146.304672610837,1200,5.363667220771844,0.0,670129,6798.487062940341,72195.346795375
22149.391804365678,300,6.276535465933984,0.0,179328,3087.13175483786,53471.173882875
22157.312733416366,750,4.0,1.6443935847557467,365161,7920.9290506897305,57677.790563875
22159.26369223045,300,6.049041185918663,0.0,131610,1950.9588140813376,101731.617647
22162.8274961733,750,6.485237243067966,0.0,361565,3563.8039428506963,128408.68974875
22166.246727996746,750,7.06600541962372,0.0,378327,3419.2318234442455,96445.26627225
22171.80309582437,750,5.5096375919999945,0.0,390680,5556.367827623726,63073.3399405
22173.86114432225,300,7.451589094116698,0.0,147968,2058.0484978832965,146254.71698125
22179.693140930714,1200,5.619592485651232,0.0,641452,5831.996608465466,92353.062274875
22183.48853746562,750,5.824195950748979,0.0,372093,3795.3965349022537,131304.1002275
22187.939725395878,750,5.373008020489797,0.0,438281,4451.1879302591815,118973.32542975001
22189.49750025708,300,7.815233159287838,0.0,167025,1557.7748612019584,118973.32542975001
22199.45491056243,1200,4.0,2.1421771460637355,638661,9957.410305351574,81775.05030175
22200.632445383886,300,6.822465178540895,0.0,137507,1177.5348214591052,168528.253425
22202.952835218017,750,8.502075344413312,0.0,314107,2320.389834127584,98350.1945525

