16589.209690425843,750,4.0,2.100206826790785,450283,2100.2068267907853,166653.908795
16590.27237617403,300,6.937314251812226,0.0,155580,1062.6857481877737,166653.908795
16592.441034915417,750,8.768655510427028,0.0,350812,2168.6587413851976,178747.67801874998
16595.466007302242,1200,9.743683123600324,0.0,617681,3024.9723868267047,268558.33333375
16599.73099216466,1850,9.478698261183434,0.0,996749,4264.98486241689,272747.1428575
16603.220438185905,1850,9.989252239936485,0.0,801058,3489.446021246948,228588.53503125
16607.965615421952,1850,9.244075003891595,0.0,905515,4745.17723604489,232708.4398975
16612.309313057485,1850,8.900377368356004,0.0,1060487,4343.697635535591,313441.0828025
16615.328002722865,1850,9.881687702976556,0.0,852833,3018.6896653794483,288487.4791325
16618.345850473546,1850,10.863839952296859,0.0,913888,3017.8477506796967,330435.02824874996
16623.87866764772,2850,9.331022778123243,0.0,1354548,5532.817174173618,230356.85752375002
16627.76786038701,1850,9.441830038829893,0.0,917428,3889.1927392933485,254304.64480875
16631.88209078517,1850,9.327599640673691,0.0,946851,4114.230398156204,216968.81720375
16636.62649944113,1850,8.583190984713813,0.0,1036454,4744.408655959878,250891.1564625
16638.626805926808,1200,10.58288449903454,0.0,526950,2000.3064856792712,351764.00679124997
16644.77932726391,2850,8.430363161932277,0.0,1471065,6152.521337102265,197895.80318375
16648.062548043,1200,9.147142382843832,0.0,617242,3283.2207790884468,213188.5336275
16652.14362859604,1850,9.06606182980297,0.0,885714,4081.0805530408593,314535.42009875004
16655.366078606196,1850,9.843611819651043,0.0,987708,3222.4500101519275,292515.55555499997
16658.997694799727,1850,10.21199562611879,0.0,923755,3631.6161935322516,257648.26700875
16662.94952793152,1850,10.260162494325934,0.0,891604,3951.833131792856,227299.07621250002
16666.852971671226,1850,10.356718754619274,0.0,955231,3903.44373970666,210146.12326000002
16673.822089650075,1850,7.387600775769874,0.0,968026,6969.1179788494,89647.23032075001
16680.883910059765,1200,4.325780366079008,0.0,536667,7061.820409690867,67590.31514225001
16683.239118418307,300,5.970572007538358,0.0,146754,2355.20835854065,68042.269611625
16688.327727702243,750,4.881962723603352,0.0,379700,5088.609283935006,132464.01225125
16689.8233812157,300,7.386309210141492,0.0,181901,1495.6535134618596,136213.51545625
16693.120439896804,1200,8.08925052904026,0.0,487160,3297.0586811012317,229939.31732
16696.14336020776,1200,9.066330218083342,0.0,622896,3022.920310956918,233730.97826125
16702.45061633101,1850,6.759074094835262,0.0,975811,6307.256123248079,183919.35483875
16703.98425021763,750,9.225440208217405,0.0,358218,1533.633886617856,302621.05263125
16708.448714266593,1850,8.760976159252706,0.0,954453,4464.4640489647,277208.5967125
16710.6959435518,1200,10.513746874045962,0.0,584349,2247.229285206743,335634.6938775
16715.372203732775,2850,9.837486693070806,0.0,1587293,4676.260180975156,289764.444445
16718.98939983814,1850,10.220290587704858,0.0,1026056,3617.196105365949,384908.878505
16722.276939152638,1850,10.932751273207051,0.0,943942,3287.5393144978066,284700.0
16725.879175989834,2850,11.330514436010562,0.0,1139291,3602.2368371964903,246018.15980624998
16732.289847079406,2850,8.919843346437268,0.0,1499009,6410.671089573293,211729.8636925
16736.517880941534,1850,8.691809484312007,0.0,908665,4228.033862125261,220202.77481375
16739.269632981865,1200,9.940057443979073,0.0,587506,2751.752040332934,310495.5277275
16742.39226202122,1850,10.817428404620896,0.0,858450,3122.6290393581767,228865.35764375
16749.101314797437,2850,8.10837562840562,0.0,1527299,6709.052776215277,397429.21348375
16750.79175704832,1200,10.417933377526365,0.0,599477,1690.442250879252,254304.01737250003
16757.249800161317,2850,7.959890264528773,0.0,1587250,6458.043112997593,283139.24050625
16760.207985571244,1200,9.001704854598628,0.0,630203,2958.1854099301427,275258.64123999997
16764.02307685013,1850,9.186613575711034,0.0,982064,3815.091278887596,263558.41924375
16767.200002098736,1850,10.00968832710634,0.0,830730,3176.9252486046926,282901.45985374996
16770.57776675489,1850,10.631923670952553,0.0,846370,3377.7646561537895,221984.35754250002

