10409.370731331092,750,4.0,4.39150033291431,450283,4391.50033291431,125398.89705875
10410.756711087643,300,6.61402024344835,0.0,155580,1385.979756551649,125398.89705875
10413.677669241377,750,7.69306208971392,0.0,350812,2920.958153734431,167107.0911725
10417.70416747901,1200,7.666563852080186,0.0,617681,4026.498237633734,156586.09539250002
10421.787210707007,1200,7.583520624082681,0.0,652874,4083.0432279975053,157607.57453625
10425.502153651687,1200,7.868577679402754,0.0,520315,3714.942944679927,149354.52793875002
10429.395942670904,1200,7.97478866018585,0.0,561791,3893.7890192169034,164625.68807375
10434.185185025073,1200,7.1855463060172395,0.0,709534,4789.24235416861,164859.68819625
10436.29068816725,750,9.080043163840923,0.0,374758,2105.5031421763165,211271.5789475
10441.74511373933,1850,7.625617591762946,0.0,913888,5454.4255720779765,167953.07167250002
10445.74669112472,1200,7.624040206373334,0.0,607410,4001.5773853896117,182090.62170750002
10449.706363397108,1200,7.664367933984166,0.0,594078,3959.672272389169,151611.35758625
10453.86191362336,1200,7.50881770773368,0.0,624282,4155.550226250485,127854.46985500002
10459.273737941607,1200,6.096993389486105,0.0,687371,5411.824318247575,137234.2549925
10461.709043828438,750,7.661687502655848,0.0,337059,2435.305886830257,192006.65926749998
10466.108515713433,1200,7.262215617659815,0.0,587876,4399.471884996033,110034.3897505
10471.693386134684,1200,5.677345196408228,0.0,617242,5584.870421251588,190083.9779
10473.916154504834,750,7.4545768262576475,0.0,372963,2222.76837015058,160086.69950750002
10477.93959185375,1200,7.431139477340653,0.0,639204,4023.437348916995,189887.81163374998
10482.445927132094,1200,6.924804198997302,0.0,586839,4506.33527834335,155616.03375499998
10485.37234843736,750,7.998382893731797,0.0,386472,2926.4213052655045,95699.30715937499
10492.748949704755,1200,4.621781626336913,0.0,616206,7376.601267394884,87832.460733
10495.661152754654,300,5.7095785764383296,0.0,163927,2912.2030498985832,56752.911813624996
10502.721435475221,750,4.0,1.350704144128479,343800,7060.282720566809,53163.443830624994
10505.689194776603,300,5.032240698617417,0.0,146754,2967.7593013825826,54567.4381485
10508.684420734546,300,6.037014740675484,0.0,153938,2995.2259579419333,57545.35017225
10515.37188109944,750,4.0,0.6504456242203305,425781,6687.460364895815,116342.96028875001
10516.516147697985,300,6.855733401455289,0.0,111155,1144.2665985447113,104732.00442962501
10519.994747485534,750,7.3771336139044275,0.0,400396,3478.599787550861,136585.893855
10525.670854234448,1200,5.701026864991974,0.0,641447,5676.106748912454,125785.90785875
10528.714824174865,750,6.65705692457356,0.0,358218,3043.969940418414,115769.03225812501
10532.421455909507,750,6.950425189932402,0.0,400322,3706.6317346411574,119901.0259505
10535.394267663045,750,7.9776134363951074,0.0,369834,2972.8117535372944,98419.686316875
10542.88991918775,1200,4.481961911689289,0.0,670129,7495.65152470582,98559.08584175
10545.04727477184,300,6.324606327599907,0.0,179328,2157.35558408938,85132.38374525
10550.680587444358,750,4.6912936550818145,0.0,365161,5633.312672518093,55683.451202250006
10552.31216129276,300,7.059719806677164,0.0,131610,1631.5738484046517,112796.08938549999
10555.259657019014,750,8.112224080425355,0.0,361565,2947.4957262518096,131499.27953875
10559.435224654428,1200,7.936656445012219,0.0,605884,4175.567635413135,151020.2286725
10563.893408026695,1200,7.478473072743801,0.0,587506,4458.183372268419,127765.9279775
10568.565289309958,1200,6.806591789481649,0.0,566904,4671.881283262152,118351.27860025
10573.252497556583,750,6.119383542856734,0.0,384505,4687.208246624916,105769.04326625
10576.001264874214,750,7.370616225224892,0.0,372093,2748.7673176318417,172091.73478625002
10580.043389853447,1200,7.328491245992922,0.0,634861,4042.124979231971,163433.71378375
10583.922694855488,1200,7.44918624395117,0.0,630203,3879.3050020417522,180973.8493725
10588.318570622874,1200,7.053310476563145,0.0,638661,4395.8757673880245,135521.83908
10590.848524222083,750,8.523356877354091,0.0,331053,2529.953599209053,121986.458333375
10596.23371736508,1200,7.138163734359186,0.0,550906,5385.193142994905,185993.99399375

