24902.3538769707,750,4.0,4.264022486880352,450283,4264.022486880352,135464.864865
24903.607457966296,300,6.746419004404097,0.0,155580,1253.5809955959026,143479.25925874998
24907.466450966887,750,6.887426003815712,0.0,350812,3858.993000588385,40073.305084750005
24917.5965041127,750,4.0,3.2426271419951336,382355,10130.053145810845,41307.497360124995
24922.247002009026,300,4.0,0.650497896330111,163442,4650.497896330111,32834.877687125
24926.088926356537,300,4.158075652489755,0.0,126289,3841.924347510245,72209.9092285
24928.403566444285,300,5.843435564740557,0.0,153295,2314.6400877491983,72209.9092285
24932.473161021284,750,5.773840987740219,0.0,437162,4069.594577000338,149086.8778275
24935.96464144379,750,6.282360565236088,0.0,374758,3491.480422504132,87289.124668375
24942.384714447515,750,4.0,0.13771243848801168,362795,6420.073003724099,91328.809376875
24944.099524582198,300,6.285189865316478,0.0,141840,1714.8101346835222,91328.809376875
24947.810838677862,750,6.573875769653523,0.0,405134,3711.3140956629545,156807.5904675
24950.564701846124,750,7.820012601393049,0.0,386351,2753.8631682604737,108297.72502475
24958.630780120722,1200,4.0,0.24606567320698558,687371,8066.078274600035,155544.615385
24959.69386847142,300,6.936911649305375,0.0,140051,1063.0883506946248,135501.85597625
24963.976073652957,750,6.6547064677649495,0.0,366214,4282.205181540426,48134.5628415
24970.54307445102,750,4.087705669702082,0.0,360831,6567.000798062868,136474.440895
24971.79827845982,300,6.832501660898014,0.0,150616,1255.2040088040678,98432.2687225
24976.639160796694,750,5.991619324025501,0.0,405596,4840.882336872513,50615.637860124996
24981.476571903706,750,5.15420821701401,0.0,350713,4837.4111070114905,97279.58510137499
24983.255630508414,300,7.37514961230235,0.0,157671,1779.0586047116608,100612.1281465
24990.506746538576,1200,4.12403358214178,0.0,616206,7251.11603016057,62274.298056125
24992.562403106203,300,6.068377014512428,0.0,163927,2055.656567629353,117758.23492850001
24996.217587104118,750,6.413193016598161,0.0,343800,3655.1839979142655,114032.844164875
24999.428575684335,750,7.202204436382086,0.0,359903,3210.988580216075,124933.557047
25004.78038432063,1200,5.8503958000859635,0.0,590335,5351.808636296122,127120.4996325
25008.763935117517,750,5.866845003202641,0.0,425781,3983.550796883322,73936.45484949999
25012.993576866735,750,5.637203253983173,0.0,277716,4229.641749219469,104423.076923125
25016.98375791272,750,5.647022207997147,0.0,400396,3990.1810459860253,103351.707609375
25021.097330957393,750,5.533449163324375,0.0,400508,4113.573044672772,93340.961098375
25022.69613936433,300,7.934640756390073,0.0,157421,1598.808406934302,120975.37978
25028.103663074828,1200,6.527117045890528,0.0,620283,5407.523710499545,143479.25925874998
25034.62007966044,750,4.010700460282283,0.0,369834,6516.4165856082445,40073.305084750005
25039.06727966481,300,4.0,0.4364995440912053,163444,4447.200004373489,41307.497360124995
25043.717063066208,300,4.0,0.6497834013951614,179328,4649.7834013951615,41307.497360124995
25048.868731901966,300,4.0,1.1516688357580442,159914,5151.668835758044,32834.877687125
25051.21685637709,300,5.65187552487363,0.0,131610,2348.124475126369,72209.9092285
25055.06691997279,750,5.801811929175923,0.0,361565,3850.0635956977076,119318.766066875
25058.190201192334,750,6.678530709628623,0.0,378327,3123.2812195473007,119072.32913075
25064.489955059475,750,4.378776842488143,0.0,390680,6299.75386714048,67934.59045375
25066.65191519311,300,6.216816708852923,0.0,147968,2161.9601336352202,91328.809376875
25070.561305185878,750,6.307426716086704,0.0,384505,3909.3899927662183,131439.42370625
25073.244020115177,750,7.6247117867854906,0.0,372093,2682.714929301214,162364.5546375
25080.94872717435,1200,4.0,0.07999527238450992,634861,7704.70705917,139485.31951625002
25082.259315638385,300,6.689411535961591,0.0,167025,1310.5884640384081,155544.615385
25085.64906040006,750,7.29966677428619,0.0,393804,3389.7447616754016,87011.07754275
25094.57984972525,1200,4.0,1.631122550902088,538612,8930.789325188278,136474.440895
25095.6363777947,300,6.943471930548749,0.0,118421,1056.5280694512508,98432.2687225

