20252.944223477163,750,4.0,8.215266709904062,450283,8215.266709904063,84620.42875162499
20255.973285323584,300,4.97093815357864,0.0,155580,3029.0618464213608,52180.265170875
20258.42695210545,300,6.517271371711869,0.0,139857,2453.6667818667706,75823.42093125
20263.383934159046,750,5.560289318111487,0.0,382355,4956.982053600382,89085.34201949999
20265.068915656648,300,7.875307820512107,0.0,163442,1684.9814975993809,131209.42408375
20269.485359636044,1200,7.4588638411128905,0.0,520315,4416.443979399217,136567.509025
20274.489142989714,1200,6.455080487446136,0.0,561791,5003.783353666755,112350.665821125
20279.536987187847,750,5.407236289311568,0.0,437162,5047.844198134568,64381.229235875
20281.197125686547,300,7.747097790609046,0.0,150710,1660.138498702522,103952.96752525
20285.88398725106,1200,7.060236226094001,0.0,560821,4686.861564515045,122943.069306875
20289.110272273927,750,7.833951203226406,0.0,353220,3226.285022867594,99760.10781675
20296.058813759944,1200,4.885409717207446,0.0,594078,6948.54148601896,131699.7776125
20297.27874147079,300,7.665482006366796,0.0,160746,1219.92771084065,158578.47533625
20302.99243054504,1200,5.951792932114191,0.0,687371,5713.689074252605,111858.72576175
20306.89118172171,750,6.053041755442146,0.0,337059,3898.751176672045,78167.45182012499
20310.630203957975,750,6.314019519177836,0.0,366214,3739.02223626431,130096.615385
20313.51830043246,750,7.425923044690162,0.0,360831,2888.096474487674,140978.547855
20318.949945514796,1200,5.994277962358015,0.0,581493,5431.6450823321475,123904.6339825
20322.877058231967,750,6.067165245184311,0.0,405596,3927.112717173704,105754.66025249999
20326.596210463736,750,6.348013013417405,0.0,350713,3719.1522317669055,66272.2413135
20332.69172317319,750,4.252500303962082,0.0,386472,6095.512709455324,87073.988970625
20334.736401580034,300,6.207821897115103,0.0,157812,2044.678406846979,66208.125718625
20339.359560322675,750,5.584663154475705,0.0,401853,4623.158742639398,104051.48741424999
20340.75930832026,300,8.184915156892744,0.0,137654,1399.7479975829604,133155.221745
20345.474085575042,1200,7.470137902105603,0.0,587236,4714.777254787142,134117.05426375
20351.04621432787,1200,5.898009149277292,0.0,590335,5572.128752828311,104401.416765
20355.248471526185,750,5.695751950961586,0.0,425781,4202.257198315705,116408.54870775
20357.6963614454,750,7.247862031746541,0.0,277716,2447.8899192150457,126478.05212625
20363.24328499135,1200,5.700938485797926,0.0,622896,5546.923545948615,119074.13793099999
20366.918093878052,750,6.0261295990956665,0.0,400508,3674.808886702259,103395.993836625
20370.511923113318,750,6.432300363830645,0.0,358218,3593.829235265021,116970.83926037501
20374.511429436505,750,6.432794040641776,0.0,400322,3999.50632318887,83330.89579525
20378.83514566512,750,6.1090778120256894,0.0,369834,4323.7162286160865,120985.009369125
20382.95541474367,750,5.988808733476282,0.0,412837,4120.269078549407,98719.20668062501
20387.19479439008,750,5.74942908706351,0.0,401088,4239.379646412772,89438.16254412499
20393.623950646677,750,4.0,0.6797271695294048,365161,6429.156256592915,61204.105803375
20395.785300028263,300,5.838650618410172,0.0,131610,2161.3493815898273,132519.62883625
20399.146611812987,750,6.477338833686432,0.0,361565,3361.31178472374,76651.85818025
20403.5130593354,750,6.110891311273518,0.0,378327,4366.447522412915,103584.98435875
20407.97961194455,750,5.6443387021251805,0.0,390680,4466.552609148338,98526.25879800001
20413.27381489104,750,4.3501357556325715,0.0,345516,5294.202946492609,54718.6477645
20415.12634686072,300,6.49760378595008,0.0,161857,1852.531969682491,106130.82437275
20417.845741998786,750,7.7782086478848775,0.0,372093,2719.395138065202,147468.06966625
20422.554295927817,1200,7.069654718852133,0.0,634861,4708.553929032744,131645.83333375
20425.58492467225,750,8.039025974420094,0.0,398987,3030.6287444320396,128383.35809750001
20431.591210420145,1200,6.032740226522823,0.0,638661,6006.285747897271,139541.76424625
20434.67331908027,750,6.9506315663977345,0.0,331053,3082.1086601250877,73915.865384625
20440.31173564344,750,5.312215003227679,0.0,314107,5638.416563170056,48948.002536500004

