1778.372811816572,750,4.0,11.415819972284071,450283,11415.81997228407,51978.824273125
1781.1959008889464,300,5.176910927625635,0.0,155580,2823.0890723743646,63254.45083537499
1783.492303400872,300,6.880508415700065,0.0,139857,2296.4025119255693,83585.574572125
1790.0464592131366,750,4.326352603435497,0.0,382355,6554.155812264568,42062.323561375
1793.4071224231375,300,4.965689393434636,0.0,163442,3360.663210000861,63210.853220000005
1795.972939474834,300,6.39987234173819,0.0,126289,2565.8170516964465,37633.505769999996
1806.7885364485549,750,4.0,4.415724631982824,352642,10815.596973721014,30114.087759875
1812.8752467230531,300,4.0,2.086710274498282,173849,6086.710274498282,32091.468936750003
1817.858565463727,300,4.0,0.983318740674139,150710,4983.318740674139,40059.378934125
1821.5937972642564,300,4.264768199470539,0.0,139105,3735.231800529461,40059.378934125
1826.185607480661,300,4.0,0.32704201693393586,141840,4591.810216404475,30944.111776499998
1831.5197744587276,300,4.0,1.3341669780664507,156148,5334.166978066451,31441.1515665
1836.9006213165808,300,4.0,1.3808468578533084,160746,5380.846857853308,32384.706113624998
1841.4038335887924,300,4.0,0.5032122722117356,179801,4503.212272211736,56392.834695125
1843.5306050814195,300,5.873228507373031,0.0,140051,2126.771492626969,118694.3192065
1846.9083862833784,750,6.49544730541405,0.0,366214,3377.781201958981,124229.52586212501
1849.5520282326022,750,7.851805356190144,0.0,360831,2643.641949223906,149162.2950825
1853.4733095848683,1200,7.930524003923919,0.0,581493,3921.2813522662245,165867.72983125
1857.4908818272122,1200,7.912951761580062,0.0,639204,4017.572242343858,165835.7289525
1861.6292041779636,1200,7.774629410828612,0.0,586839,4138.322350751449,141220.44088125
1865.9415279724399,1200,7.462305616352442,0.0,601738,4312.32379447617,170403.2411825
1869.3951417516741,1200,8.008691837117896,0.0,616206,3453.613779234546,239723.60248499998
1872.3407841994156,1200,9.063049389376568,0.0,656471,2945.642447741328,283167.98732124997
1876.9859643694704,1850,8.417869219321876,0.0,874175,4645.180170054691,186705.94965625
1880.0299934177797,1200,9.37384017101251,0.0,587236,3044.0290483093654,194876.63108
1884.406458070111,1850,8.997375518681082,0.0,905935,4376.464652331429,196288.56825749998
1888.8965340619716,1850,8.507299526820374,0.0,1076599,4490.075991860707,280961.03896125004
1891.0974449431274,1200,10.306388645664532,0.0,487160,2200.910881155842,244293.97492875
1895.1543357986268,1850,10.249497790165297,0.0,972798,4056.8908554992363,265780.51947999996
1899.718589755918,1850,9.685243832874155,0.0,975811,4564.253957291141,242121.25
1903.3972202965344,1850,10.006613292257576,0.0,873429,3678.6305406165793,297276.8456375
1908.578389517288,1850,8.82544407150383,0.0,954453,5181.169220753746,200718.120805
1913.9403796879449,1850,7.463453900847109,0.0,885062,5361.99017065672,163355.47576250002
1919.2057572591798,1200,6.198076329612208,0.0,670129,5265.377571234902,361349.83498375
1920.5158665945667,750,8.887966994225263,0.0,401088,1310.1093353869446,274151.81058499997
1924.5941123858624,1850,8.809721202929481,0.0,943942,4078.245791295781,248130.28169
1927.7141074970152,1850,9.68972609177676,0.0,728962,3119.9951111527207,271611.45510875003
1931.8430448933125,1850,9.560788695479452,0.0,938587,4128.937396297308,238238.66666624998
1935.8684848878254,1850,9.535348700966555,0.0,908665,4025.439994512898,221174.13572375
1939.721004544246,1850,9.68282904454589,0.0,930577,3852.519656420666,277909.5315025
1943.3878886290702,1850,10.015944959721603,0.0,858450,3666.8840848242867,231978.00338374998
1947.948732183637,1850,9.455101405154641,0.0,1025005,4560.843554566961,269240.9240925
1952.5524458687757,1850,8.85138772001608,0.0,886255,4603.713685138561,214518.867925
1957.2100310660242,1850,8.193802522767557,0.0,973972,4657.5851972485225,234500.0
1960.3983443557747,1200,9.005489233016885,0.0,630203,3188.313289750672,209550.5464475
1965.7347751693546,1850,7.669058419437166,0.0,982064,5336.430813579718,178176.58349375002
1969.9743524049688,1200,7.429481183822941,0.0,538612,4239.577235614225,72272.098945125
1974.211013437315,1200,7.192820151476818,0.0,550906,4236.661032346123,163208.96861

