1977.689707525483,750,4.0,3.478694088168143,450283,3478.694088168143,145555.47652875
1978.8948346932011,300,6.794872832282032,0.0,155580,1205.1271677179675,145555.47652875
1980.7631635466382,750,8.926543978844713,0.0,350812,1868.3288534373198,208431.4079425
1986.3778320488507,1850,7.3118754766324825,0.0,933276,5614.66850221223,167237.8426175
1992.0183205185406,1200,5.671387006942386,0.0,652874,5640.488469690096,112373.74926425
1995.8411872932174,750,5.848520232265637,0.0,318564,3822.8667746767496,70272.5208175
2001.6310439977,750,4.058663527782989,0.0,352642,5789.856704482648,68989.619377125
2004.303362213377,300,5.386345312105972,0.0,173849,2672.318215677017,77430.58823524999
2006.3831262468989,300,7.306581278584315,0.0,150710,2079.764033521656,82919.866444125
2016.0197817944918,1200,4.0,2.330074269008521,560821,9636.655547592836,75197.520661125
2018.494535569814,300,5.525246224677567,0.0,141840,2474.7537753224324,60636.858006
2020.3875843414385,300,7.6321974530530055,0.0,156148,1893.0487716245623,168082.30842
2024.305254953561,1200,7.714526840930711,0.0,624282,3917.670612122294,168962.23176
2032.6620819181414,1200,4.0,0.6423001236496575,687371,8356.826964580368,79267.88990825
2034.6018779267622,300,6.06020399137918,0.0,140051,1939.7960086208195,79267.88990825
2037.940549206159,750,6.721532711982656,0.0,366214,3338.6712793965244,136494.4356125
2041.1665719785678,750,7.495509939573527,0.0,360831,3226.022772409129,108796.71332925001
2048.177325979877,1200,4.48475593826453,0.0,581493,7010.754001308997,141905.08940874998
2049.484120746562,300,7.177961171579458,0.0,165384,1306.7947666850712,141905.08940874998
2052.292499876064,750,8.369582042077175,0.0,350713,2808.379129502284,153900.94745875
2057.430803641982,1200,7.231278276159323,0.0,601738,5138.303765917852,146760.40781625
2062.9127494311915,1200,5.74933248694979,0.0,616206,5481.945789209532,102449.6422675
2066.6154696114068,750,6.046612306734391,0.0,401853,3702.7201802153986,122788.00856525
2069.8638356964816,750,6.7982462216597,0.0,343800,3248.366085074691,126745.70982875
2073.06310065123,750,7.5989812669111485,0.0,359903,3199.264954748551,143203.23886625
2078.3449012923825,1200,6.3171806257588985,0.0,590335,5281.80064115225,122858.974359
2082.5350645311323,750,6.127017387009149,0.0,425781,4190.16323874975,132435.064935
2084.9606975994484,750,7.701384318692651,0.0,277716,2425.633068316498,123916.86602875001
2091.5230464532924,1200,5.1390354648487175,0.0,622896,6562.348853843933,89641.261498
2093.266763660955,300,7.395318257186371,0.0,149029,1743.7172076623458,104353.426396
2099.1568955846114,1200,5.5051863335299425,0.0,570392,5890.1319236564295,105446.002805
2100.773715205068,300,7.888366713072871,0.0,157488,1616.8196204570704,109619.128466375
2107.323286231358,1200,5.338795686783084,0.0,584349,6549.571026289788,101785.666887875
2109.1867758625526,300,7.475306055588624,0.0,163444,1863.48963119446,94169.95666825
2115.836020800504,1200,4.826061117637307,0.0,690253,6649.244937951317,78836.51804675
2117.908304298686,300,6.7537776194554136,0.0,159914,2072.2834981818933,99421.24321062499
2121.0189670346554,750,7.643114883486174,0.0,321064,3110.66273596924,113868.51211075
2125.9367968139604,1200,6.725285104180703,0.0,575591,4917.829779305471,139139.09774375
2130.6491731738397,750,6.01290874430167,0.0,378327,4712.376359879032,80735.31777962501
2134.644146526686,750,6.017935391455127,0.0,390680,3994.9733528465445,124702.73348525
2137.019791098596,750,7.642290819545616,0.0,345516,2375.6445719095095,136127.9391425
2141.7919153758876,1200,6.870166542254256,0.0,641452,4772.124277291361,137647.81297125
2145.91190118197,750,6.750180736171724,0.0,372093,4119.985806082532,106074.76166587499
2152.222401654536,750,4.439680263605819,0.0,438281,6310.500472565905,127589.5788725
2153.6006996516844,300,7.061382266457149,0.0,167025,1378.2979971486702,171852.10577874997
2156.320769726216,750,8.341312191925866,0.0,393804,2720.070074531283,135067.36657875
2160.901868585345,1200,7.760213332796874,0.0,538612,4581.098859128992,180483.83838375
2164.221269197819,1200,8.440812720322825,0.0,550906,3319.4006124740495,152187.14859499998

