15791.29516788762,750,4.0,1.6438931885945212,450283,1643.8931885945212,267517.64705875
15791.987345898504,300,7.307821989116605,0.0,155580,692.1780108833948,267517.64705875
15794.670934410862,1200,8.624233476757833,0.0,571051,2683.588512358772,237819.130435
15797.370572248812,1200,9.924595638807174,0.0,617681,2699.6378379506605,228290.43683625
15803.229815570327,1850,8.065352317292708,0.0,996749,5859.243321514466,188286.98224875002
15805.42647785493,1200,9.868690032688532,0.0,520315,2196.6622846041764,303390.4235725
15809.286850146762,1850,10.008317740857814,0.0,905515,3860.372291830718,222466.992665
15813.49336734001,1850,9.80180054760905,0.0,1060487,4206.517193248765,250877.77777749998
15817.237231210856,1850,10.05793667676313,0.0,852833,3743.8638708459184,299487.0017325
15821.536961296202,1850,9.758206591415595,0.0,913888,4299.730085347535,164749.30875625
15828.217855418527,1850,7.077312469091115,0.0,939819,6680.89412232448,157448.52282875
15830.608746180618,750,8.686421706999564,0.0,405134,2390.8907620915506,134003.09837375
15834.796349208671,1200,8.498818678946844,0.0,624282,4187.603028052721,140431.15318375
15839.092662436411,1200,8.20250545120686,0.0,687371,4296.3132277399845,193505.0618675
15843.758869903928,1200,7.536297983689279,0.0,526950,4666.207467517581,132838.05135000002
15848.442913433775,1200,6.852254453841117,0.0,587876,4684.0435298481625,146658.73512875
15851.750518603965,750,7.5446492836516255,0.0,360831,3307.605170189491,108282.442748125
15856.891249914795,1200,6.403917972822776,0.0,581493,5140.731310828849,187671.1956525
15859.24620295919,750,8.04896492842867,0.0,405596,2354.9530443941067,187671.1956525
15861.899096221094,1200,9.396071666525653,0.0,586839,2652.893261903016,292776.82403375
15864.763230149167,1850,10.531937738452573,0.0,891604,2864.1339280730804,317898.520085
15873.522718253738,2850,5.772449633879984,0.0,1468126,8759.488104572589,234184.29003
15875.615045611696,750,7.6801222759233605,0.0,401853,2092.3273579566226,238409.551375
15878.538768217248,1200,8.756399670372245,0.0,536667,2923.7226055511155,166954.62184875002
15880.689932921852,1200,10.605234965766186,0.0,587236,2151.164704606057,398230.15873
15885.867420307839,2850,9.427747579779934,0.0,1480464,5177.487385986254,285067.66917249997
15890.413425177407,1850,8.881742710212054,0.0,1076599,4546.0048695678815,309261.245675
15893.06333656416,1850,10.231831323456937,0.0,758197,2649.9113867551155,250704.73876125
15896.89345439149,1850,10.401713496128497,0.0,972798,3830.1178273284404,348295.9558825
15901.11736003004,2850,10.177807857577555,0.0,1561263,4223.905638550942,375295.01084625
15903.976517480194,1850,11.318650407423927,0.0,873429,2859.1574501536275,367682.88853999996
15908.51907827783,2850,10.776089609789295,0.0,1497683,4542.560797634632,324847.4074075
15912.93807441476,2850,10.357093472859685,0.0,1358081,4418.99613692961,373211.94605
15916.995524027747,1850,10.299643859872857,0.0,1035329,4057.4496129868267,265235.02994
15922.410287266037,1850,8.884880621582111,0.0,1026056,5414.763238290745,286156.52173875
15932.288882883524,1850,4.0,0.9937149959057969,943942,9878.595617487908,55367.724137875004
15935.324227409692,300,4.964655473832744,0.0,131610,3035.344526167256,44471.339174
15938.467832390725,300,5.8210504928013505,0.0,124011,3143.604981031393,39967.224231500004
15951.866284572696,750,4.0,7.577401689171398,378327,13398.452181972749,25538.645217999998
15958.2520901637,300,4.0,2.385805591004323,149991,6385.805591004323,24809.805898625
15964.592000433464,300,4.0,2.339910269763557,147968,6339.910269763557,24999.84522525
15971.30485989416,300,4.0,2.712859460697197,161857,6712.859460697197,26994.660021375
15977.079219346964,300,4.0,1.7743594528054154,145210,5774.3594528054155,26606.559766749997
15983.66305618068,300,4.0,2.583836833716363,172312,6583.836833716363,31876.775502625
15989.590786997254,300,4.0,1.9277308165742653,167025,5927.730816574265,25753.075892375
15996.213245139217,300,4.0,2.6224581419619017,160064,6622.458141961902,25753.075892375
16001.821984448059,300,4.0,1.6087393088415465,137507,5608.7393088415465,26183.287587625
16004.659007513897,300,5.162976934160573,0.0,118421,2837.023065839426,63190.088757375

