21415.587096530173,750,4.0,6.275717151967713,450283,6275.717151967713,71577.6
21417.76177924853,300,5.825317281643536,0.0,155580,2174.6827183564637,85271.25
21424.28078744288,750,4.0,0.6936909127108738,350812,6519.00819435441,99715.889464625
21426.00157541015,300,6.279212032732354,0.0,155432,1720.7879672676465,99715.889464625
21432.28527269592,750,4.0,0.004485253037643815,411561,6283.6972857699975,48375.874125874994
21434.65957403576,300,5.625698660161651,0.0,126289,2374.3013398383487,80266.500622625
21439.921680661977,750,4.363592033946885,0.0,352642,5262.106626214767,66116.810344875
21442.620548570405,300,5.664724125518933,0.0,173849,2698.8679084279524,81768.81270899999
21447.159200595896,750,5.126072100028783,0.0,374758,4538.65202549015,101285.411140625
21448.681893891648,300,7.603378804279682,0.0,139105,1522.693295749101,130058.7248325
21454.657544321763,1200,5.627728374161869,0.0,607410,5975.650430117814,94993.118051875
21461.858811802955,750,4.0,1.5735391070282176,405134,7201.267481190086,41544.144144125
21465.90781146592,300,4.0,0.04899966296668254,160746,4048.9996629666825,45482.02764975
21469.764877494712,300,4.142933971207254,0.0,179801,3857.0660287927453,57028.517706
21472.410769106722,300,5.497042359195027,0.0,140051,2645.8916120122276,58413.271245625
21474.983227215544,300,6.924584250373534,0.0,138313,2572.4581088214927,58413.271245625
21483.41193653479,750,4.0,1.5041250688740393,360831,8428.709319247573,43708.183632750006
21486.889034866774,300,4.522901668018909,0.0,150616,3477.0983319810907,56166.666666625
21490.014415146645,300,5.397521388148063,0.0,165384,3125.380279870846,80871.4050945
21491.928138565945,300,7.483797968845563,0.0,140881,1913.7234193025008,80871.4050945
21504.055082767998,1200,4.0,4.643146233205553,601738,12126.944202051116,42890.047158125
21507.651638312742,300,4.403444455254459,0.0,157812,3596.5555447455413,56541.05375775
21510.903122278993,300,5.151960489005304,0.0,163927,3251.4839662491563,40873.6015235
21514.528171943508,300,5.526910824489873,0.0,137654,3625.0496645154303,40873.6015235
21516.79031566099,300,7.264767107008367,0.0,146754,2262.143717481506,75805.67879325
21522.81158357168,1200,5.24349919631922,0.0,590335,6021.267910689146,102375.331565
21524.857408742617,300,7.1976740253811125,0.0,181901,2045.8251709381082,82664.26282050001
21528.408134274236,750,7.646948493763677,0.0,277716,3550.725531617435,86635.46798025
21539.978401701028,1200,4.0,3.923318933030216,622896,11570.267426793893,69277.1480805
21542.317166137593,300,5.661235563437356,0.0,149029,2338.764436562644,75233.88501737501
21547.98236461591,750,4.0,0.003962914881019969,358218,5665.198478318376,44666.502947
21551.70779351636,300,4.274571099547957,0.0,157488,3725.4289004520424,62383.0428955
21554.21559564304,300,5.766768972866967,0.0,143881,2507.80212668099,62383.0428955
21561.20377904847,750,4.0,1.2214144325620728,412837,6988.18340542904,73247.671464875
21563.73851361567,300,5.465265432795738,0.0,179328,2534.734567204262,85745.64643800001
21565.804994314072,300,7.398784734397023,0.0,159914,2066.4806983987146,82900.98603125
21571.445147440518,1200,5.758631607946959,0.0,487812,5640.1531264500645,99329.26829262501
21575.625697674783,750,5.578081373686779,0.0,361565,4180.550234260179,103228.007181375
21577.44207436202,300,7.761704686448374,0.0,144254,1816.376687238406,73791.516606625
21585.03773129919,1200,4.166047749277476,0.0,587506,7595.656937170897,82152.65662175001
21587.042938344763,300,6.160840703706708,0.0,147968,2005.2070455707683,73903.606336375
21592.895638975868,750,4.308140072603608,0.0,384505,5852.7006311031,72494.155154125
21595.08412111838,300,6.1196579300918765,0.0,145210,2188.482142511732,72494.155154125
21601.345129013636,750,4.0,0.14134996516578485,438281,6261.007895257661,46151.19811
21604.668250292827,300,4.67687872080693,0.0,167025,3323.1212791930698,67458.950201875
21607.097519151645,300,6.247609861988918,0.0,160064,2429.2688588180117,75427.180685375
21611.93341322159,750,5.411715792042165,0.0,331053,4835.894069946753,52034.662998625
21614.409002565826,300,6.93612644780407,0.0,118421,2475.5893442380952,52034.662998625

