5425.490263368309,750,4.0,4.751626329382562,450283,4751.626329382562,104680.818414375
5427.1347182850095,300,6.35554508329921,0.0,155580,1644.4549167007901,104680.818414375
5430.400416500779,750,7.089846867529594,0.0,350812,3265.698215769616,125991.27114
5433.1670517340635,750,8.323211634245128,0.0,382355,2766.635233284465,172789.47368375
5438.731651273015,1200,6.758612095293714,0.0,652874,5564.599538951415,126040.26294125001
5442.467923983691,750,7.022339384617,0.0,318564,3736.2727106767134,74163.66680625
5447.543809541614,750,5.9464538266940465,0.0,352642,5075.885557922954,76747.5247525
5452.410203185973,750,5.080060182334948,0.0,437162,4866.393644359098,155709.8298675
5453.50551029076,300,7.984753077548205,0.0,150710,1095.3071047867434,156444.63818625
5457.32395460258,1200,8.166308765728225,0.0,560821,3818.44431181998,80590.09254225
5464.0829326874855,1200,5.407330680822278,0.0,607410,6758.978084905947,104262.323943625
5465.672171547448,300,7.818091820860663,0.0,156148,1589.2388599616152,114369.340232875
5471.356672621317,1200,6.133590746991436,0.0,624282,5684.501073869227,112874.9126485
5475.697473402374,750,5.792789965933652,0.0,434409,4340.800781057784,101683.0083565
5478.998314572888,750,6.49194879542005,0.0,337059,3300.8411705136023,104656.930693125
5482.67149796846,750,6.818765399847841,0.0,366214,3673.1833955722086,137241.76706875
5485.8525059896165,750,7.637757378691385,0.0,360831,3181.0080211564564,93181.62506637501
5490.6324486566145,1200,6.85781471169356,0.0,581493,4779.942666997824,131756.06641125
5493.950402805854,750,7.539860562454845,0.0,405596,3317.9541492387148,141248.22134375002
5499.587984843955,1200,5.9022785243533615,0.0,586839,5637.582038101484,121049.053959375
5502.999427903357,750,6.490835464951937,0.0,386472,3411.4430594014243,126747.0383275
5508.032239434681,750,5.458023933628217,0.0,399894,5032.8115313237195,55127.852349
5512.067204467854,300,5.4230589004548415,0.0,163927,4034.9650331733756,39275.34246575
5516.357829144003,300,5.132434224306206,0.0,137654,4290.624676148635,31336.895490000003
5520.964467052651,300,4.5257963156578835,0.0,146754,4606.637908648323,39835.253738625004
5524.755108493627,300,4.735154874682802,0.0,153938,3790.6414409750814,56065.8516255
5527.991556967951,300,5.4987064003597785,0.0,181901,3236.448474323023,99637.183098625
5529.245870206433,300,8.24439316187653,0.0,111155,1254.3132384832486,99637.183098625
5539.521570251539,1200,4.0,2.03130688322865,622896,10275.70004510518,48589.859154875
5542.267382615871,300,5.254187635667435,0.0,149029,2745.8123643325657,59620.109925624995
5544.63240554762,300,6.889164703918834,0.0,157421,2365.0229317486,79512.67056525
5549.437984227364,750,6.083586024174759,0.0,400322,4805.578679744076,92124.94441975
5556.433787801019,750,4.0,0.912217549480546,369834,6995.803573655305,48590.876176624995
5559.648507088817,300,4.785280712202586,0.0,163444,3214.7192877974135,55611.684782625
5561.913717827525,300,6.520069973494286,0.0,179328,2265.2107387082992,111878.2312925
5564.852003175388,750,7.5817846256309975,0.0,365161,2938.2853478632887,122973.02158275
5569.393042159904,1200,7.040745641113931,0.0,487812,4541.038984517067,147043.3460075
5572.309739105779,750,8.124048695239965,0.0,361565,2916.696945873966,126143.91447375
5578.554273966007,1200,5.879513835012172,0.0,605884,6244.534860227794,91922.484352375
5581.778813577511,750,6.654974223508249,0.0,390680,3224.539611503922,156148.02354874997
5584.685806930683,750,7.7479808703359705,0.0,345516,2906.9933531722795,120430.87248325
5591.214945510803,1200,5.218842290216116,0.0,641452,6529.138580119855,85115.996258125
5593.090761083652,300,7.343026717366536,0.0,145210,1875.815572849579,85115.996258125
5599.000576999295,1200,5.433210801724559,0.0,634861,5909.815915641978,86552.56917
5600.659524997507,300,7.774262803511981,0.0,167025,1658.9479982125777,125671.61409999999
5607.712377886401,1200,4.72140991461865,0.0,638661,7052.852888893331,99738.25136612501
5609.243618594392,300,7.190169206628088,0.0,137507,1531.240707990561,99738.25136612501
5612.585020061191,750,7.848767739828295,0.0,314107,3341.4014667997935,109993.23621225

