23184.6805081511,750,4.0,1.9680897620528024,450283,1968.0897620528024,225138.61386125
23185.48791966992,300,7.192588481185374,0.0,155580,807.4115188146266,225138.61386125
23187.546825797708,750,9.133682353398427,0.0,350812,2058.906127786947,199431.77892875
23191.0450212459,1850,9.63548690520416,0.0,933276,3498.1954481942666,318427.6094275
23194.354362368387,1850,10.32614578271702,0.0,996749,3309.3411224871425,353143.5079725
23197.037308068768,1850,11.643200082335822,0.0,801058,2682.945700381198,295802.24719125
23211.551062715105,2850,4.0,2.870554564002145,1388403,14513.754646337966,187464.02214
23212.60724441269,300,6.943818302416687,0.0,173849,1056.1816975833135,187464.02214
23214.118048540004,750,9.433014175104082,0.0,374758,1510.8041273126025,263928.104575
23217.83083557487,1850,9.720227140239018,0.0,913888,3712.7870348650654,248855.07246375
23221.33656710523,1850,10.214495609876794,0.0,939819,3505.731530362223,285892.5925925
23224.633015392083,1850,10.918047323022106,0.0,917428,3296.4482868546866,256673.590505
23230.971183504706,2850,8.579879210400764,0.0,1422919,6338.1681126213425,192207.82122875
23236.313626131876,1200,7.2374365832285745,0.0,687371,5342.4426271721895,156095.32215375
23239.71954260669,1200,7.831520108416578,0.0,526950,3405.916474811996,214678.27681
23243.151899408153,1200,8.399163306951856,0.0,587876,3432.356801464722,254937.49999999997
23246.878985081305,1200,8.67207763380356,0.0,617242,3727.085673148294,148256.93035875002
23249.891398807347,1200,9.659663907760542,0.0,581493,3012.4137260430184,253797.83950625002
23253.985619501615,1850,9.565443213492651,0.0,987708,4094.2206942678918,249499.35483875
23259.105657363143,1850,8.445405351961126,0.0,923755,5120.037861531527,310443.90243874997
23261.962453761604,1200,9.588608953501076,0.0,601738,2856.7963984600497,124699.09659487501
23267.775328755823,1850,7.7757339592809105,0.0,955231,5812.874994220166,191354.36382750003
23270.93140681523,1200,8.619655899873308,0.0,656471,3156.0780594076004,215529.52755874998
23273.89418039294,1200,9.656882322165956,0.0,536667,2962.773577707353,407888.88888875005
23277.30219096619,1850,10.248871748913649,0.0,897976,3408.0105732523066,225862.17948750002
23282.85060655164,1850,8.700456163465201,0.0,905935,5548.415585448448,157552.51921375
23288.97083260726,1200,6.580230107842048,0.0,696376,6120.226055623153,197217.43929374998
23290.48766253927,750,9.063400175830667,0.0,277716,1516.829932011381,207120.52506
23295.54630073257,1850,8.004761982533157,0.0,972798,5058.63819329751,257470.26279375
23298.36801839601,1200,9.183044319095915,0.0,641447,2821.7176634372436,198634.90241125002
23305.20402465829,1850,6.347038056810856,0.0,873429,6836.006262285058,210434.86073625
23307.220232656528,750,8.330830058575547,0.0,400322,2016.2079982353107,230506.25
23309.74840604251,1200,9.802656672595917,0.0,584349,2528.1733859796277,255473.48951875
23314.410053279284,1850,9.141009435821342,0.0,1035329,4661.6472367745755,166290.19211375
23320.0159480617,1850,7.535114653405845,0.0,1026056,5605.8947824154975,186167.322835
23323.27584184108,1200,8.275220874021961,0.0,598727,3259.8937793838836,233742.74406375
23325.786347471418,1200,9.764715243690633,0.0,487812,2510.505630331329,246888.2978725
23329.362842962786,1850,10.188219752320967,0.0,938587,3576.495491369665,308248.66310125
23332.842154657636,1850,10.70890805746991,0.0,908665,3479.3116948510556,152295.43497
23339.943821464927,2850,7.607241250181002,0.0,1402287,7101.666807288909,221543.58974375
23342.40349931374,1200,9.147563401368418,0.0,566904,2459.6778488125838,245497.12643625
23346.607544536997,1850,8.943518178108818,0.0,1025005,4204.0452232596,194834.74976375
23350.41209198689,1850,9.138970728214073,0.0,886255,3804.547449894745,206848.253275
23354.77821772517,1850,8.772844989937417,0.0,973972,4366.125738276655,272892.0265775
23357.196381368096,1200,10.354681347010462,0.0,630203,2418.163642926955,307592.987805
23360.157794479706,1850,11.393268235403072,0.0,982064,2961.4131116073913,394723.11212875
23364.134337448922,2850,11.416725266186114,0.0,1231456,3976.542969216957,349415.26894125005
23368.687705966113,2850,10.863356748994397,0.0,1364537,4553.368517191719,338480.19802

