16775.242944890168,750,4.0,4.665178135276565,450283,4665.178135276565,115883.91845975
16776.741779458058,300,6.501165432110702,0.0,155580,1498.8345678892972,108126.89020387501
16782.295094141806,750,4.947850748360913,0.0,350812,5553.31468374979,51607.150838
16786.60168218882,300,4.641262701347004,0.0,155432,4306.588047013909,36397.657705625
16789.61480219462,300,5.6281426955456775,0.0,163442,3013.1200058013264,54809.564233125
16795.776489521115,750,4.0,0.5335446309480976,318564,6161.687326493775,55595.744680874996
16798.676578181134,300,5.099911339982868,0.0,153295,2900.0886600171316,58198.76923075
16802.495458456153,300,5.281031064965788,0.0,173849,3818.880275017081,42013.42098050001
16807.21569959076,300,4.560789930357621,0.0,150710,4720.241134608167,30021.64236375
16811.57922426677,300,4.197265254347186,0.0,139105,4363.524676010435,55437.108886124995
16814.35246109239,300,5.424028428729402,0.0,141840,2773.2368256177842,55437.108886124995
16817.8805834113,300,5.895906109817549,0.0,156148,3528.1223189118527,47587.986041875
16829.822798398305,750,4.0,6.046308877185328,386351,11942.214987002877,49516.381124125
16833.215940546026,300,4.606857852281958,0.0,179801,3393.142147718042,155361.03896125001
16834.2448406451,300,7.577957753204172,0.0,140051,1028.9000990777859,155361.03896125001
16837.25511761472,1200,8.567680783583494,0.0,587876,3010.2769696206783,221622.75449125
16840.46835086728,1200,9.354447531022878,0.0,617242,3213.233252560617,197842.98441
16844.28686272157,1850,9.535935676733617,0.0,885714,3818.5118542892587,235457.7259475
16849.378554597322,1850,8.444243800983095,0.0,987708,5091.691875750522,213835.61643874997
16852.464189698992,1200,9.358608699310253,0.0,586839,3085.6351016728418,224718.63581
16858.547301207876,1850,7.275497190427817,0.0,891604,6083.111508882435,115425.71059437499
16863.72959944517,1200,6.093198953135511,0.0,616206,5182.298237292306,132467.02454
16866.976245953138,750,6.846552445169988,0.0,401853,3246.646507965523,145389.28856875
16870.065470483467,750,7.757327914842379,0.0,343800,3089.2245303276086,102355.763239875
16875.054631345614,1200,6.768167052695459,0.0,587236,4989.16086214692,134509.933775
16878.102640747613,750,7.720157650697449,0.0,379700,3048.00940199801,123073.0688935
16883.994570585277,1200,5.828227813034565,0.0,696376,5891.929837662884,146005.54236
16886.14141388956,750,7.681384508749086,0.0,277716,2146.8433042854786,156583.4932825
16890.567182516086,1200,7.255615882222964,0.0,622896,4425.768626526123,143502.61780125002
16894.989459768694,1200,6.833338629616564,0.0,641447,4422.2772526064,162749.82382
16897.454203561367,750,8.368594836943485,0.0,358218,2464.7437926730786,154379.87679625
16900.903494099457,1200,8.919304298852344,0.0,620283,3449.29053809114,197232.53389
16905.402773084057,1850,8.420025314254701,0.0,885062,4499.278984597645,212661.17969875
16908.87673001163,1200,8.946068386680254,0.0,670129,3473.956927574446,205076.57142875
16913.493719600345,1850,8.329078797964394,0.0,1026056,4616.989588715861,301816.54135375004
16916.011838415237,1200,9.81095998307069,0.0,598727,2518.118814893704,272766.4429525
16920.36214167265,1850,9.460656725662965,0.0,728962,4350.303257407725,149607.37704875
16925.6840627579,1850,8.138735640409099,0.0,938587,5321.921085253865,217725.94397125
16928.555682581024,1200,9.267115817290355,0.0,605884,2871.619823118744,196915.81632625
16932.69670326742,1850,9.126095130896177,0.0,930577,4141.020686394177,207431.65467625
16936.785798666868,1850,9.036999731445876,0.0,858450,4089.0953994503016,240584.656085
16941.55048157924,1850,8.272316819072188,0.0,1025005,4764.682912373688,218377.7056275
16944.42558490667,1200,9.397213491644289,0.0,599477,2875.1033274279,197815.87837875
16949.394429453092,1850,8.428368945218581,0.0,973972,4968.844546425707,212719.71252625
16952.665330258995,1200,9.157468139317308,0.0,630203,3270.9008059012745,221100.49423375
16958.711079289285,1850,7.111719109027753,0.0,982064,6045.749030289554,143373.056995
16960.9623901548,750,8.860408243508553,0.0,331053,2251.3108655191995,185390.2205175
16965.499561902663,1850,8.32323649564623,0.0,846370,4537.171747862323,197438.46949375

