21203.617689655417,750,4.0,2.572266498290951,450283,2572.266498290951,176271.31782999999
21204.62675981311,300,6.990929842309494,0.0,155580,1009.0701576905071,176271.31782999999
21207.281253211368,750,8.336436444049976,0.0,350812,2654.493398259518,78631.937351
21218.912360692295,1200,4.0,3.2946710368778893,617681,11631.107480927865,63376.59783674999
21221.707660859433,300,5.204699832863097,0.0,163442,2795.300167136903,44484.007525875
21224.77605594493,300,6.136304747362774,0.0,126289,3068.3950855003227,44484.007525875
21231.47362747923,750,4.0,0.5612667869362377,352642,6697.571534299012,54075.476914625
21235.40901641671,300,4.064611062518829,0.0,173849,3935.38893748117,45418.354268125004
21238.424575553618,300,5.049051925609159,0.0,150710,3015.5591369096715,58817.92975975
21240.658918306388,300,6.814709172839771,0.0,139105,2234.3427527693875,87242.543612875
21245.081383260298,750,6.392244218930674,0.0,353220,4422.464953909097,82576.942355875
21249.86006041814,750,5.613567061089533,0.0,405134,4778.677157841141,99796.8157695
21253.186817210946,750,6.28681026828236,0.0,386351,3326.756792807173,149087.6132925
21255.475657137315,750,7.997970341913442,0.0,434409,2288.8399263689184,246267.4846625
21258.255893104208,1200,9.217734375022458,0.0,526950,2780.2359668909853,291194.14893625
21264.07663832161,1850,7.396989157617248,0.0,923170,5820.74521740521,61496.2938005
21274.29062758452,1200,4.0,2.817000105293063,617242,10213.98926291031,118164.591977875
21275.712342181432,300,6.5782854030890885,0.0,150616,1421.7145969109113,118164.591977875
21284.18449618552,750,4.0,1.89386860099522,405596,8472.154004084308,57189.7086175
21286.857546457297,300,5.326949728219006,0.0,140881,2673.0502717809936,57189.7086175
21289.74788233938,300,6.436613846137688,0.0,157671,2890.335882081317,73479.344729375
21295.17671220885,750,5.007783976669371,0.0,399894,5428.829869468317,76228.242320875
21297.46741975342,300,6.717076432100187,0.0,163927,2290.7075445691844,112268.434670125
21301.32792683599,750,6.856569349526882,0.0,343800,3860.5070825733055,119768.015170625
21304.256797740873,750,7.92769844464559,0.0,359903,2928.8709048812916,150336.81462125
21310.53142666032,1200,5.6530695251965675,0.0,590335,6274.628919449023,51353.860581375
21316.447502369017,750,4.0,0.2630061834972821,425781,5916.075708693849,104982.40291262501
21317.383242039425,300,7.064260329591501,0.0,111155,935.7396704084993,152000.0
21321.13156867138,750,7.315933697636035,0.0,400396,3748.3266319554646,76627.38301562499
21327.782845520884,1200,4.664656848132642,0.0,641447,6651.276849503393,124724.511930625
21328.908788830675,300,7.538713538341905,0.0,157421,1125.9433097907374,170903.6144575
21333.108850421275,1200,7.3386519477400185,0.0,620283,4200.061590601886,136939.193655
21337.01202189725,1200,7.435480471764173,0.0,584349,3903.171475975846,179361.08676625002
21341.864553757947,1200,6.582948611069291,0.0,670129,4852.531860694881,159793.83634375
21344.143448826206,750,8.304053542811921,0.0,401088,2278.8950682573695,219480.13620875002
21347.77128473519,1200,8.676217633824612,0.0,598727,3627.83590898731,180935.24514375
21350.43961832324,1200,10.007884045778894,0.0,487812,2668.333588045717,163533.75527375
21358.66702387162,1850,5.780478497393966,0.0,938587,8227.405548384928,90761.07811787499
21366.456926688537,750,4.0,2.00942431951998,378327,7789.902816913946,40665.474860375
21369.844010057164,300,4.6129166313755325,0.0,149991,3387.0833686244673,89561.802766625
21371.663097309345,300,6.7938293791956745,0.0,147968,1819.0872521798574,89561.802766625
21378.405672780682,750,4.051253907857473,0.0,384505,6742.575471338202,120848.785872
21379.8138090102,300,6.643117678339576,0.0,145210,1408.1362295178972,106896.896370375
21383.733632035677,750,6.723294652864198,0.0,438281,3919.8230254753767,137350.34013625
21387.655481005597,750,6.801445682941947,0.0,398987,3921.848969922252,89956.136027625
21399.173846176844,750,4.0,4.716919488303946,393804,11518.365171245892,28084.72358525
21404.407687555664,300,4.0,1.2338413788175913,137507,5233.841378817591,28084.72358525
21409.311379378207,300,4.0,0.9036918225445233,118421,4903.691822544523,25377.3949205

