20644.328944715508,750,4.0,1.7041197936685797,450283,1704.1197936685796,271780.87649374997
20645.01151993406,300,7.317424781443746,0.0,155580,682.5752185562537,271780.87649374997
20647.634623326445,1200,8.694321389061908,0.0,571051,2623.1033923818386,267604.69667375
20650.725522120916,1200,9.603422594588316,0.0,617681,3090.8987944735904,227066.02641000002
20654.841150399097,1850,9.487794316409119,0.0,996749,4115.628278179199,247651.75718875
20658.07922105473,1850,10.249723660777578,0.0,801058,3238.0706556315413,278881.35593250004
20662.17033829512,1850,10.158606420385112,0.0,905515,4091.117240392464,196579.8237025
20666.414978124336,1850,9.913966591170945,0.0,1060487,4244.6398292141685,246601.5267175
20671.058754079033,1850,9.270190636475116,0.0,852833,4643.77595469583,145697.45003500002
20675.39431831327,1850,8.934626402242351,0.0,913888,4335.564234232765,261322.94617625003
20679.537375379303,1850,8.791569336209317,0.0,939819,4143.057066033034,122489.061397375
20681.06505875626,1200,11.263885959253981,0.0,594078,1527.6833769553366,525036.47416375
20685.235702786398,2850,11.093241929114775,0.0,1422919,4170.644030139206,335026.80412375
20690.434612806406,2850,9.894331909106,0.0,1578343,5198.910020008774,310190.11406875
20694.017844931193,1850,10.311099784320925,0.0,821631,3583.2321247850755,117007.84655625
20698.20577150654,1850,10.123173208976157,0.0,923170,4187.926575344768,317227.84810125
20701.61442553562,1850,10.71451917989527,0.0,966699,3408.6540290808884,313447.11538499995
20706.383830104005,2850,9.945114611509961,0.0,1358801,4769.404568385308,304655.3480475
20710.591962967497,1850,9.73698174801872,0.0,987708,4208.132863491241,288788.48920875
20714.646582178026,1850,9.682362537487258,0.0,923755,4054.619210531463,297342.9003025
20717.41625087776,1850,10.912693837752842,0.0,891604,2769.668699734416,382983.6956525
20721.8978015853,2850,10.431143130215704,0.0,1468126,4481.550707537139,329600.6389775
20728.363646418682,2850,7.96529829682977,0.0,1505760,6465.844833385933,236825.52083375
20730.85024293218,1200,9.4787017833294,0.0,536667,2486.5965135003694,208769.41747625
20736.81373879625,1850,7.5152059192603575,0.0,897976,5963.495864069044,123623.985572625
20741.116060533783,1200,7.2128841817244655,0.0,590335,4302.321737535892,144225.75250875
20746.7295265099,1200,5.599418205608073,0.0,696376,5613.465976116393,118461.40651799999
20747.780082856378,300,8.548861859127927,0.0,111155,1050.5563464801457,130054.5670225
20753.701097266487,1200,6.627847449019891,0.0,622896,5921.014410108036,116144.77401124999
20757.055480032624,750,7.273464682886069,0.0,400508,3354.3827661338205,154340.85778750002
20760.15436504573,1200,8.174579669780433,0.0,570392,3098.885013105637,184154.28571375
20763.804743568755,1200,8.524201146756619,0.0,620283,3650.3785230238127,212953.125
20766.539333777753,1200,9.789610937759159,0.0,584349,2734.590208997461,192194.6169775
20775.424586395005,1850,4.904358320505269,0.0,1035329,8885.25261725389,34932.515337375
20779.007178753334,300,5.321765962178055,0.0,179328,3582.5923583272142,135199.10847
20780.32513958524,300,8.003805130274761,0.0,159914,1317.9608319032943,137283.17373500002
20784.104935145784,1200,8.224009569727729,0.0,487812,3779.795560547032,166964.11709125
20788.345042329292,1200,7.983902386218198,0.0,575591,4240.10718350953,142311.89427375
20792.0183837392,1200,8.310560976310109,0.0,605884,3673.3414099080883,243729.19605125
20794.173267192386,1200,10.155677523122712,0.0,587506,2154.883453187396,355230.76923125004
20796.89058836509,1850,11.438356350414196,0.0,858450,2717.3211727085163,318313.40206124994
20802.202784390993,2850,10.12616032451497,0.0,1527299,5312.196025899225,374268.34862375003
20804.60484368691,1850,11.724101028598161,0.0,886255,2402.0592959168102,447056.847545
20808.48178810949,2850,11.847156606017256,0.0,1587250,3876.9444225809057,390688.5593225
20813.13723469038,2850,11.19171002512504,0.0,1464921,4655.446580892216,289277.044855
20819.347960305513,2850,8.980984409992052,0.0,1483527,6210.7256151329875,680852.11267625
20823.320299283423,1850,9.00864543208134,0.0,830730,3972.3389779107133,101592.31651375
20829.615769610366,1850,6.713175105139598,0.0,846370,6295.470326941741,179261.1534275

