11548.092214066099,750,4.0,6.240793125191714,450283,6240.793125191714,87108.5805085
11550.700427598493,300,5.39178646760646,0.0,155580,2608.2135323935404,57376.89440999999
11553.228606889497,300,6.863607176602174,0.0,139857,2528.179291004286,88451.48771025
11560.09360710988,750,4.0,0.001393043779580694,382355,6865.000220381755,58272.2623345
11562.937278136344,300,5.156328973537449,0.0,163442,2843.6710264625513,66151.898734125
11565.043922584146,300,7.049684525734697,0.0,126289,2106.6444478027524,63196.12429
11571.956570255896,750,4.137036853984755,0.0,352642,6912.647671749942,53704.28336075
11575.39564746577,300,4.697959644111354,0.0,173849,3439.0772098734014,60141.5478615
11578.113459609023,300,5.980147500857328,0.0,150710,2717.8121432540256,60141.5478615
11585.61265009327,750,4.0,1.519042983390912,362795,7499.19048424824,47592.924890999995
11588.829781578672,300,4.782868514598712,0.0,141840,3217.131485401288,47592.924890999995
11591.66441087159,300,5.948239221680593,0.0,156148,2834.6292929181195,61378.9120715
11597.334225596807,750,4.278424496462164,0.0,386351,5669.814725218429,69540.077003875
11600.257221801734,300,5.355428291536841,0.0,179801,2922.996204925324,57584.91508487501
11602.768832734582,300,6.8438173586873745,0.0,140051,2511.6109328494654,64648.0349345
11607.939542873304,750,5.673107219965873,0.0,366214,5170.710138721502,69353.14443675001
11612.678349234797,750,4.934300858473883,0.0,360831,4738.80636149199,84358.30152675
11614.807680629528,300,6.804969463741711,0.0,150616,2129.3313947321726,69209.22882424999
11621.843753489195,750,4.0,0.23110339592444598,405596,7036.072859666157,63211.62491975001
11623.441206380983,300,6.402547108210845,0.0,140881,1597.4528917891546,118942.562592
11627.125679197647,750,6.71807429154871,0.0,386472,3684.472816662135,128808.04516625
11630.451571737856,750,7.392181751339897,0.0,399894,3325.892540208813,106984.423676
11638.382161758029,1200,4.0,0.5384082688330928,656471,7930.590020172989,60755.193905875
11640.441758223122,300,5.9404035349068955,0.0,137654,2059.5964650931046,79695.032397375
11646.199668248277,750,4.182493509751609,0.0,359903,5757.910025155286,44467.67241375
11649.584022714142,300,4.798139043887407,0.0,153938,3384.3544658642013,55235.552763875
11652.753261370033,300,5.62890038799616,0.0,181901,3169.238655891248,72574.735987
11658.32351574643,750,4.058646011598734,0.0,277716,5570.254376397426,39944.123759
11662.451407112372,300,4.0,0.06924535434416065,153605,4127.8913659428945,39944.123759
11667.61763630956,300,4.0,1.1662291971870682,149029,5166.229197187068,30788.592785124998
11672.77330395807,300,4.0,1.1556676485113222,157421,5155.667648511322,33225.0432775
11677.001502059444,300,4.0,0.22819810137102287,157488,4228.198101371023,44186.569185
11681.353927346408,300,4.0,0.3524252869660795,143881,4352.4252869660795,31670.207208750002
11687.058142856627,300,4.0,1.7042155102188816,163444,5704.215510218882,29458.933375499997
11692.771683910456,300,4.0,1.7135410538269453,179328,5713.541053826945,42199.07526325
11696.767524878587,300,4.004159031867742,0.0,159914,3995.8409681322582,44007.674597125
11699.988457646114,300,4.783226264341648,0.0,131610,3220.932767526094,44384.556182625
11703.009523322195,300,5.762160588259859,0.0,124011,3021.0656760817883,44384.556182625
11709.734354880167,750,4.0,0.962670969712567,378327,6724.831557972427,80097.82608700001
11711.785510289385,300,5.948844590783223,0.0,149991,2051.155409216777,80097.82608700001
11717.505560605548,750,4.228794274618827,0.0,345516,5720.050316164396,46498.709549375
11721.451647833213,300,4.282707046953529,0.0,161857,3946.087227665298,40875.35545025
11724.918032378302,300,4.816322501863373,0.0,145210,3466.384545090156,65906.00428875
11727.6384865438,300,6.095868336366873,0.0,172312,2720.454165496499,89116.546762625
11732.516569090798,750,5.217785789367943,0.0,398987,4878.08254699893,83310.030395125
11734.618995685214,300,7.115359194952838,0.0,160064,2102.4265944151057,83310.030395125
11738.881887474503,750,6.852467405662904,0.0,331053,4262.8917892899335,83310.030395125
11742.930664652957,750,6.803690227209625,0.0,314107,4048.777178453279,83310.030395125

