16197.983994785523,750,4.0,2.1451274043719923,450283,2145.1274043719923,571097.87234
16198.55057397586,300,7.433420809663336,0.0,155580,566.5791903366634,237139.04982625
16204.977534536942,1200,5.006460248582435,0.0,571051,6426.960561080901,70018.43317974999
16207.260862269646,300,6.723132515877763,0.0,155432,2283.3277327046717,82437.5
16211.073630096016,750,6.9103646895067525,0.0,411561,3812.767826371012,133814.5328725
16213.72743218715,750,8.256562598373423,0.0,318564,2653.80209113333,144845.13692125
16218.766005170164,1200,7.217989615358933,0.0,561791,5038.57298301449,131218.55670125
16224.665296185496,1200,5.318698600028025,0.0,709534,5899.291015330908,121080.971659875
16226.016808464701,300,7.967186320822376,0.0,150710,1351.5122792056493,132293.46733625
16231.318695886244,1200,6.665298899277034,0.0,560821,5301.887421545342,108127.153891875
16234.39275314356,750,7.591241641962166,0.0,353220,3074.0572573148684,145863.3720925
16241.265602977515,1200,4.7183918080054,0.0,594078,6872.849833956766,78611.605415875
16243.278625158744,300,6.705369626778016,0.0,160746,2013.022181227384,107858.08219175
16247.216421065694,750,6.767573719828169,0.0,434409,3937.795906949846,125855.60166000001
16250.039620857626,750,7.94437392789647,0.0,337059,2823.1997919317005,139133.655395
16254.463387070022,1200,7.520607715500305,0.0,587876,4423.7662123961645,132454.26356625
16259.32442167608,1200,6.65957310944333,0.0,617242,4861.0346060569755,147592.734225
16262.265166220832,750,7.718828564689729,0.0,372963,2940.7445447536,129411.33186125
16267.48387842224,1200,6.500116363282246,0.0,639204,5218.712201407483,126553.03584499999
16270.386481016498,750,7.597513769023283,0.0,350713,2902.6025942589636,123383.571428625
16275.20687842493,1200,6.777116360592547,0.0,601738,4820.397408430735,149754.78578
16278.393852759029,750,7.590142026491777,0.0,399894,3186.9743341007706,102252.36406625001
16285.3175513746,1200,4.666443410921974,0.0,656471,6923.698615569803,108722.44250599999
16286.729453381276,300,7.254541404245352,0.0,137654,1411.902006676621,109855.4913295
16291.341010951346,1200,6.642983834174503,0.0,587236,4611.55757007085,188553.16973375
16293.718799848535,750,8.265194936985136,0.0,379700,2377.7888971893663,140276.91266125
16298.907820327897,1200,7.076174457624527,0.0,696376,5189.020479360609,146598.13753625
16300.946823816734,750,9.037170968788432,0.0,277716,2039.0034888360942,153129.42271875
16308.426578487391,1850,5.55741629813048,0.0,972798,7479.754670657952,157204.87804875
16309.623781382334,300,8.360213403187423,0.0,149029,1197.2028949430571,139591.14391125
16314.602968482324,1200,7.381026303195611,0.0,570392,4979.187099991812,118990.597716625
16319.8170690395,1200,6.166925746021591,0.0,620283,5214.10055717402,115851.61744024999
16324.208467015778,750,5.775527769741466,0.0,369834,4391.397976280125,83522.842639625
16329.354846384282,750,4.629148401238171,0.0,412837,5146.379368503295,91838.709677375
16331.556487394806,300,6.427507390712917,0.0,179328,2201.6410105252544,85919.735599625
16335.612286265388,750,6.371708520131204,0.0,365161,4055.798870581713,105563.279857375
16338.67103156001,750,7.312963225507247,0.0,321064,3058.7452946239564,96381.161971875
16344.968262001797,1200,5.015732783720963,0.0,575591,6297.230441786285,85462.433862375
16346.683495700838,300,7.300499084680046,0.0,144254,1715.2336990409153,103660.97060837499
16354.588087925333,1200,4.0,0.6040931398149423,587506,7904.592224494989,79806.342015875
16356.63778977299,300,5.950298152343106,0.0,147968,2049.701847656894,78585.812357
16365.19981380757,750,4.0,2.6117258822376805,384505,8562.024034580787,34905.87775825
16370.469353025137,300,4.0,1.2695392175659173,145210,5269.539217565917,27798.00380225
16376.991545018574,300,4.0,2.522191993437159,172312,6522.191993437159,28396.798522374997
16382.996455312466,300,4.0,2.0049102938918995,167025,6004.9102938918995,30808.62103375
16387.720773275163,300,4.0,0.7243179626979636,160064,4724.317962697964,40881.711908125
16391.598587381766,300,4.122185893397246,0.0,137507,3877.814106602754,31654.067674625003
16395.616586298427,300,4.104186976738171,0.0,118421,4017.9989166590753,31654.067674625003

