10205.842184189483,750,4.0,6.08032816050688,450283,6080.3281605068805,79043.930635875
10208.197135689883,300,5.645048499601703,0.0,155580,2354.951500398297,66153.10162775
10213.93501525106,750,4.0,0.0928310615739465,350812,5737.8795611756495,59313.4969325
10216.64723250137,300,5.287782749689917,0.0,155432,2712.2172503100824,67964.786202
10219.479113468462,300,6.455901782596442,0.0,163442,2831.8809670934756,47357.517752374995
10224.602117883622,750,5.332897367435908,0.0,318564,5123.004415160533,96765.155652625
10226.349692919352,300,7.585322331707028,0.0,153295,1747.5750357288807,96765.155652625
10232.862312444984,1200,5.0727028060736705,0.0,709534,6512.619525633358,135700.9884675
10234.1902841678,300,7.744731083257901,0.0,150710,1327.9717228157701,126456.65961999999
10238.956935633956,1200,6.978079617102443,0.0,560821,4766.6514661554575,125461.01694875001
10242.402668377146,750,7.53234687391202,0.0,353220,3445.7327431904237,95894.88772099999
10248.4462883569,1200,5.488726894157012,0.0,594078,6043.619979755008,82471.99675325
10250.57797041203,300,7.3570448390259084,0.0,160746,2131.6820551311043,82471.99675325
10261.537595394982,1200,4.0,3.6025801439257283,687371,10959.624982951636,86339.167455
10263.492116855967,300,6.045478539015251,0.0,140051,1954.5214609847487,76529.672276375
10269.90945430556,750,4.0,0.3718589105780857,366214,6417.337449593337,47977.088572249995
10272.302579349165,300,5.606874956392755,0.0,143509,2393.125043607245,104377.519853375
10277.333279150167,750,4.576175155390154,0.0,372963,5030.699801002601,52833.7850045
10280.42243877027,300,5.4870155352881085,0.0,165384,3089.1596201020457,63465.428276625
10282.697510943146,300,7.211943362412479,0.0,140881,2275.072172875629,78806.533945875
10291.45171764829,1200,4.0,1.5422633427315378,601738,8754.206705144017,86401.837524125
10293.354899551863,300,6.096818096426565,0.0,157812,1903.181903573435,94483.9412085
10297.173508398017,750,6.278209250271635,0.0,401853,3818.6088461549293,125645.22546375002
10300.689270142679,750,6.762447505610946,0.0,343800,3515.7617446606896,102823.566477625
10306.36780695186,750,5.0839106964285445,0.0,359903,5678.536809182401,53368.97935775
10309.533625152173,300,5.918092496115633,0.0,153938,3165.8182003129127,52219.0082645
10318.716703266242,750,4.0,3.2649856179537564,425781,9183.078114069389,55684.715558625
10320.897912942617,300,5.818790323626394,0.0,111155,2181.2096763736063,55684.715558625
10330.066357162901,750,4.0,3.3496538966584466,400396,9168.44422028484,44168.492268
10333.319774249774,300,4.7465829131273845,0.0,149029,3253.417086872616,76427.613941
10336.091383651989,300,5.9749735109131565,0.0,157421,2771.6094022142274,59399.94927725
10343.527565101183,750,4.0,1.461207938283128,400322,7436.181449196284,49584.5657435
10346.502047001983,300,5.025518099201613,0.0,143881,2974.481900798387,46226.4957265
10349.476096938273,300,6.051468162910259,0.0,163444,2974.0499362913533,81618.362282875
10354.930743866917,750,4.596821234265742,0.0,401088,5454.646928644517,79043.930635875
10357.40893934744,300,6.118625753742829,0.0,159914,2478.1954805229134,66153.10162775
10362.665216795827,750,4.862348305354234,0.0,321064,5256.277448388595,59313.4969325
10364.900946443126,300,6.626618658057679,0.0,124011,2235.7296472965545,67964.786202
10371.647260893347,750,4.0,0.11969579216362308,378327,6746.314450221303,86736.585365875
10373.525191728415,300,6.122069164931972,0.0,149991,1877.9308350680283,96765.155652625
10377.145453976054,750,6.501806917292575,0.0,345516,3620.2622476393967,108478.97727275
10380.722752008107,750,6.924508885240117,0.0,384505,3577.298032052459,135700.9884675
10383.83321888485,750,7.814042008496701,0.0,372093,3110.4668767434155,124064.090480625
10389.30616956046,1200,6.341091332887319,0.0,634861,5472.9506756093815,111437.84445799999
10393.506857682878,750,6.140403210467976,0.0,398987,4200.688122419343,106448.771719625
10397.492445440877,750,6.154815452468836,0.0,393804,3985.5877579991406,82471.99675325
10402.972918447475,750,4.674342445872111,0.0,331053,5480.473006596725,51421.368861
10404.979230998177,300,6.668029895168689,0.0,118421,2006.3125507034217,74332.259549

