1383.2228976632684,750,4.0,4.955564253110452,450283,4955.564253110451,73617.278424375
1386.3247678601238,300,4.898129803144833,0.0,155580,3101.870196855167,33067.296678125
1390.8568371105935,300,4.366060552675044,0.0,139857,4532.06925046979,33067.296678125
1395.3173951822614,300,4.0,0.09449751899309194,155432,4460.558071668135,38947.878097375
1399.519969590385,300,4.0,0.20257440812354435,163442,4202.574408123544,42142.93721975
1402.0816060709544,300,5.4383635194307365,0.0,126289,2561.6364805692638,53984.671126
1405.6263544665633,300,5.893615123821788,0.0,153295,3544.7483956089477,42145.161290375
1417.005148393447,750,4.0,5.485178803061807,437162,11378.793926883594,27366.867217
1422.8820159707707,300,4.0,1.876867577323982,150710,5876.867577323982,27366.867217
1426.3213841819434,300,4.560631788827488,0.0,139105,3439.3682111725125,55541.379310375
1428.836327648859,300,6.045688321911721,0.0,141840,2514.9434669157667,71186.800894875
1434.395215954903,750,4.486800015867679,0.0,405134,5558.888306044041,60162.022035
1437.5510565012796,300,5.330959469491185,0.0,160746,3155.840546376495,52215.8478605
1439.9410794819992,300,6.940936488771639,0.0,179801,2390.0229807195456,117359.05820799999
1442.513525573999,750,8.368490396771849,0.0,337059,2572.446091999791,145870.7782675
1447.80881990605,1200,7.073196064720682,0.0,587876,5295.294332051167,115548.64709275
1451.3742046886703,750,7.507811282100534,0.0,360831,3565.384782620148,128592.72727250001
1455.8299020690388,1200,7.052113901732227,0.0,581493,4455.697380368308,129500.65789500001
1464.3892837733965,750,4.0,1.5072678026257482,405596,8559.381704357975,48196.725640375
1467.5461689248943,300,4.843114848502178,0.0,140881,3156.8851514978223,48196.725640375
1471.3152977322195,300,5.073986041177052,0.0,157671,3769.1288073251267,44640.661327875
1475.0909281053127,300,5.298355668084021,0.0,157812,3775.630373093031,45018.5264055
1478.4951258366002,300,5.894157936796348,0.0,163927,3404.197731287673,59912.770411749996
1482.9487659145632,750,5.440517858833481,0.0,343800,4453.6400779628675,83140.93023249999
1484.9482606944462,300,7.44102307895034,0.0,146754,1999.4947798831404,76990.34664325
1492.043866971985,1200,4.345416801411671,0.0,590335,7095.606277538669,66536.601096375
1493.9293202896406,300,6.459963483755904,0.0,181901,1885.4533176557675,162691.95189625
1495.8984807409113,750,8.490803032485196,0.0,277716,1969.160451270707,138521.14924125
1500.0851624834847,1200,8.304121289911837,0.0,622896,4186.681742573362,143588.52867875
1504.552599219689,1200,7.836684553707684,0.0,641447,4467.436736204152,143602.2727275
1512.6373335742733,1200,4.0,0.2480498008765735,570392,8084.734354584258,113074.460682
1513.9574585151158,300,6.679875059157409,0.0,157488,1320.124940842591,178567.25663750002
1516.3252300843149,750,8.312103489958169,0.0,369834,2367.771569199241,177359.63777499998
1520.142897626987,1200,8.494435947286082,0.0,670129,3817.667542672087,196593.81663125
1524.2864459997734,1200,8.35088757449952,0.0,690253,4143.548372786561,157438.4498475
1528.7143639709384,1200,7.922969603334524,0.0,598727,4427.917971164997,183873.31536375
1532.148965132918,1200,8.48836844135492,0.0,487812,3434.6011619796036,133802.34833625
1536.0964291907035,1200,8.540904383569515,0.0,575591,3947.464057785405,138214.438885
1539.8569220177421,1200,8.780411556530735,0.0,605884,3760.4928270387813,177648.50136249998
1543.6918847412205,1200,8.945448833052339,0.0,587506,3834.9627234783966,131301.272985
1557.0618208512935,1850,4.0,4.4244872770207655,858450,13369.936110073104,89925.89703587501
1558.931093687443,300,6.13072716385059,0.0,161857,1869.2728361494105,102169.77225675
1564.833858758927,750,4.227962092366763,0.0,372093,5902.765071483827,89124.333925375
1566.8945543833563,300,6.167266467937253,0.0,172312,2060.6956244295097,93803.062302
1570.9436501217708,750,6.118170729522912,0.0,398987,4049.0957384143403,142304.62184875002
1573.663162706788,750,7.398658144505806,0.0,393804,2719.512585017107,133051.07084
1578.1476379346013,1200,6.914182916692432,0.0,538612,4484.475227813374,118116.199589875
1580.7428670906518,750,8.318953760642133,0.0,314107,2595.2291560502995,143618.88587

