3912.220890549007,750,4.0,0.9321555281170851,450283,932.1555281170852,561539.74895375
3912.578132762737,300,7.642757786269979,0.0,155580,357.24221373002086,598394.7368425
3913.624356663588,1200,10.596533885418895,0.0,571051,1046.223900851085,656085.2272724999
3916.254225802452,2850,11.96666474655502,0.0,1520281,2629.8691388638745,639186.27451
3918.8397012753126,2850,13.381189273694446,0.0,1472558,2585.475472860574,620905.6603775
3922.203989261823,4300,14.01690128718332,0.0,1941625,3364.2879865111263,566047.3537600001
3926.705494650764,4300,13.515395898241962,0.0,2157535,4501.5053889413575,520655.78635
3931.6969397990574,4300,12.523950749949051,0.0,2290172,4991.445148292911,494244.56521749997
3936.2184564781364,4300,12.00243407086981,0.0,2055469,4521.516679079242,512503.28227624996
3940.2298141561046,4300,11.991076392901853,0.0,2169201,4011.357677967959,639926.0700387501
3942.736317917558,2850,13.484572631447863,0.0,1354548,2506.503761453989,624244.2244225
3946.7663206137754,4300,13.454569935230948,0.0,2102452,4030.0026962169163,615095.9752325
3951.0415271561446,4300,13.179363392861452,0.0,2209463,4275.206542369495,514407.6433125
3955.8747304208287,4300,12.346160128177539,0.0,2275376,4833.203264683914,500800.97087375
3959.4774863751836,4300,12.743404173822666,0.0,2005399,3602.755954354873,525850.28248625
3963.4407984901595,4300,12.78009205884684,0.0,2152483,3963.3121149758254,622722.02166125
3967.705165288955,4300,12.515725260051646,0.0,2289689,4264.366798795194,549861.9047625
3971.489258007705,4300,12.731632541301696,0.0,2059512,3784.0927187499483,634295.6810625
3975.516418268698,4300,12.70447228030826,0.0,2220726,4027.160260993437,556937.304075
3979.539602991164,4300,12.681287557842488,0.0,2156729,4023.18472246577,582067.79661
3983.1852279254213,4300,13.035662623585365,0.0,2039773,3645.624934257122,635776.55677625
3987.1335896306596,4300,13.087300918346688,0.0,2176469,3948.3617052386758,545261.74496625
3991.447002873603,4300,12.773887675403094,0.0,2221506,4313.413242943595,580361.3445375
3995.533149136911,4300,12.68774141209541,0.0,2044075,4086.1462633076853,537116.66666625
3999.6011003847807,4300,12.619790164225684,0.0,2186790,4067.951247869726,595619.9095025
4003.8536512796704,4300,12.367239269335613,0.0,2105231,4252.550894890071,469787.58949875
4008.271988975587,4300,11.948901573419027,0.0,2395588,4418.337695916585,504516.33986875
4010.2690924389913,2850,13.951798110015195,0.0,1141971,1997.1034634038322,615651.24555125
4014.3219450591478,4300,13.898945489858813,0.0,2134614,4052.8526201563845,531002.6315787501
4018.4729486758306,4300,13.747941873176078,0.0,2164140,4151.003616682734,611176.99115
4022.3193957768585,4300,13.9014947721477,0.0,2113193,3846.447101028378,598394.7368425
4026.0114963231467,4300,14.209394225859295,0.0,2147852,3692.100546288404,584742.5742575
4029.8069940320675,4300,14.413896516938964,0.0,2191074,3795.4977089203326,625353.95189
4034.078877763236,4300,14.142012785770323,0.0,2286761,4271.88373116864,446006.32911374996
4039.150018272708,4300,13.07087227629829,0.0,2307787,5071.140509472032,491471.59090874996
4043.881843834184,4300,12.339046714822256,0.0,2143948,4731.825561476034,514747.44898000004
4047.710513079202,4300,12.5103774698046,0.0,1919781,3828.669245017657,629753.7993925
4051.6561663092516,4300,12.564724239754884,0.0,2147467,3945.653230049715,568026.3929625
4055.7269152612853,4300,12.49397528772112,0.0,2133870,4070.7489520337645,578845.16129
4059.7695156329473,4300,12.451374916059292,0.0,2146120,4042.6003716618293,434211.53846124996
4064.357674912584,4300,11.863215636422789,0.0,2108491,4588.159279636503,635728.26087
4067.222567565357,2850,12.998322983649686,0.0,1527299,2864.892652773101,578588.6287624999
4071.096115610276,4300,13.124774938730981,0.0,2121928,3873.5480449187044,549811.98910125
4075.225213562687,4300,12.995676986320166,0.0,2219102,4129.097952410815,567641.09589
4079.1295303977554,4300,13.09136015125147,0.0,2124950,3904.3168350686956,562934.5238099999
4083.1189431951852,4300,13.101947353821714,0.0,2246506,3989.4127974297576,640890.32258125
4086.800741710303,4300,13.42014883870417,0.0,1961140,3681.798515117544,630900.64102625
4090.769583539196,4300,13.451307009811277,0.0,2155012,3968.8418288928924,625403.38983

