6760.516362715216,750,4.0,3.13772266060829,450283,3137.72266060829,181912.0
6761.486212373174,300,7.0301503420424005,0.0,155580,969.8496579575992,203540.84158375
6763.2103464495685,750,9.306016265647779,0.0,350812,1724.1340763946218,246732.9059825
6766.186581859913,1850,10.329780855303643,0.0,933276,2976.235410344136,387594.26229499996
6768.478691941835,1850,12.037670773381782,0.0,996749,2292.110081921862,412313.82978749997
6774.622403065613,4300,9.893959649603717,0.0,1941625,6143.711123778065,182780.8641975
6780.143198246118,1850,8.373164469099576,0.0,905515,5520.795180504141,151808.27067625
6787.944502522724,1200,4.571860192493433,0.0,709534,7801.3042766061435,91478.580701
6789.800809494726,300,6.715553220490806,0.0,150710,1856.3069720026272,85385.38040775
6793.276824296463,750,7.23953841875409,0.0,362795,3476.0148017367164,165053.55494
6797.6666914250245,1200,6.8496712901927275,0.0,607410,4389.867128561362,305706.93069249997
6799.204653039081,750,9.311709676136175,0.0,405134,1537.961614056551,283661.2903225
6802.526280912934,1850,9.99008180228218,0.0,946851,3321.627873853994,352524.48979625
6805.8041743664135,1850,10.712188348802972,0.0,1036454,3277.8934534792083,317977.81885375
6809.814523106984,2850,10.701839608232977,0.0,1231445,4010.348740569996,300274.35897375
6814.910476840377,2850,9.605885874840329,0.0,1471065,5095.953733392648,409170.7317075
6817.417346457181,1850,11.099016258035551,0.0,966699,2506.869616804777,430018.86792499997
6822.177526932008,2850,10.338835783209307,0.0,1358801,4760.180474826246,309209.42408375
6825.935873674612,1850,10.580489040605112,0.0,987708,3758.3467426041925,301908.25688125
6830.198188526284,2850,10.318174188932419,0.0,1336050,4262.314851672695,358651.11561875
6832.729403620958,1850,11.786959094259222,0.0,891604,2531.2150946731967,514407.6433125
6835.94751934049,2850,12.568843374726772,0.0,1468126,3218.115719532451,394598.233995
6841.887732660454,4300,10.628630054761775,0.0,2221506,5940.213319964996,447071.23287625
6845.596830011254,2850,10.919532703962844,0.0,1323990,3709.0973507989306,364884.26763124997
6849.5119150086475,2850,11.004447706569179,0.0,1383735,3915.0849973936665,421333.33333375
6853.4733700072775,2850,11.042992707938785,0.0,1480464,3961.4549986303928,445693.76693750004
6856.81694967949,2850,11.699413035726044,0.0,1547572,3343.579672212742,406872.679045
6859.675351545197,2850,12.841011170018945,0.0,1141971,2858.4018657070983,497706.94863999996
6865.529812198018,4300,10.986550517198017,0.0,2134614,5854.460652820928,413871.6904275
6869.149400078808,2850,11.366962636407552,0.0,1561263,3619.587880790464,545111.11111125
6873.561232911074,2850,10.955129804142128,0.0,1341201,4411.832832265423,270153.60983125
6877.805616572057,2850,10.71074614315839,0.0,1497683,4244.383660983737,410024.22907500004
6882.090713381669,2850,10.425649333545971,0.0,1358081,4285.096809612421,237195.50173000002
6889.710291671421,2850,6.806071043793619,0.0,1587293,7619.578289752352,210433.78119
6891.837343714604,750,8.679019000610799,0.0,401088,2127.0520431828195,248967.15328499998
6894.128557007901,1200,10.387805707314646,0.0,598727,2291.2132932961517,402194.1176475
6896.187883316425,1850,12.328479398790641,0.0,728962,2059.326308524006,373285.71428625
6902.637189718369,4300,9.879172996845801,0.0,2147467,6449.306401944841,381335.892515
6905.304360922027,1850,11.212001793188318,0.0,908665,2667.1712036574822,376404.6610175
6909.959689092946,2850,10.55667362226858,0.0,1402287,4655.328170919739,278267.31078875
6914.848889908477,2850,9.667472806738296,0.0,1339500,4889.200815530282,247975.80645125
6918.655265057442,1850,9.861097657773131,0.0,1025005,3806.375148965165,297247.42267999996
6922.01510475131,1850,10.501257963904447,0.0,886255,3359.8396938686833,327715.31531499996
6926.838517568822,2850,9.677845146392514,0.0,1587250,4823.412817511933,445126.62337625
6929.391491582424,1850,11.124871132790206,0.0,958994,2552.974013602308,279383.56164375
6934.862916795743,2850,9.653445919470975,0.0,1483527,5471.425213319229,339388.05970125005
6938.431535116454,1850,10.084827598760036,0.0,830730,3568.6183207109407,119402.135231375
6942.796528260967,1850,9.71983445424807,0.0,846370,4364.9931445119655,336812.80788125

