13490.201490750685,750,4.0,6.212365695121308,450283,6212.365695121308,120484.24908425
13491.708580004699,300,6.492910745984942,0.0,155580,1507.089254015058,112053.37214949999
13497.459540652251,750,4.741950098434522,0.0,350812,5750.96064755042,66533.628318625
13499.484386094688,300,6.7171046559978205,0.0,155432,2024.8454424367017,100569.574247125
13504.549417576382,750,5.652073174303865,0.0,411561,5065.031481693955,66812.433769
13508.667468390935,750,5.5340223597514315,0.0,318564,4118.050814552434,96350.24630537501
13510.572143127212,300,7.629347623473154,0.0,153295,1904.674736278277,78362.229102125
13516.207847727663,1200,5.993643023023606,0.0,709534,5635.704600449549,144256.56742500002
13519.088765773948,750,7.112724976738123,0.0,374758,2880.918046285482,141236.0515025
13521.96267895216,750,8.238811798525223,0.0,362795,2873.9131782129,140078.97934375
13531.884710705302,1200,4.0,1.6832199546158972,607410,9922.03175314112,63701.326640375
13534.734481507892,300,5.150229197410088,0.0,156148,2849.770802589912,47505.373455124995
13538.47360191328,300,5.411108792022183,0.0,160746,3739.120405387905,39598.19168175
13543.120556780119,300,4.764153925183357,0.0,179801,4646.954866838827,43273.211243625
13546.716645479504,300,5.168065225797807,0.0,140051,3596.08869938555,38483.088954000006
13550.579934075517,300,5.304776629786748,0.0,138313,3863.288596011059,38483.088954000006
13553.430599189109,300,6.454111516193655,0.0,143509,2850.6651135930924,57543.2846455
13557.031751226712,750,6.852959478589648,0.0,372963,3601.1520376040066,125876.55172375
13560.699138777201,750,7.185571928099756,0.0,405596,3667.3875504898924,151553.39805875
13563.582943176127,750,8.301767529176171,0.0,350713,2883.804398923584,112211.55053362499
13568.67380427383,1200,7.210906431470757,0.0,601738,5090.861097705414,140731.08477624998
13573.927519859877,1200,5.957190845425737,0.0,616206,5253.71558604502,119918.79194625
13578.02423689558,750,5.8604738097224764,0.0,401853,4096.717035703261,62739.403973500004
13584.116422500123,750,4.0,0.2317117948194391,343800,6092.185604541915,57732.954545500004
13588.315323136056,300,4.0,0.1989006359329087,146754,4198.900635932909,37392.529789125
13592.87125709599,300,4.0,0.5559339599346076,153938,4555.933959934608,36087.69841275
13598.777713361438,300,4.0,1.9064562654485397,181901,5906.45626544854,32139.3301105
13602.202411733157,300,4.575301628282343,0.0,111155,3424.6983717176568,36793.057110875
13606.470635379885,300,4.307077981554555,0.0,153605,4268.223646727788,41362.346718
13609.930127284399,300,4.847586077039969,0.0,149029,3459.4919045145857,63818.14828475001
13612.530438099566,300,6.247275261874027,0.0,157421,2600.3108151659417,73925.38671524999
13618.38483475465,750,4.392878606789784,0.0,400322,5854.396655084242,82720.299345125
13620.724630347138,300,6.053083014301288,0.0,143881,2339.795592488497,45975.519785375
13628.258063715879,750,4.0,1.4803503544390788,412837,7533.433368740367,77351.56950674999
13630.756545924502,300,5.5015177913777285,0.0,179328,2498.482208622271,80561.3805155
13632.9169239447,300,7.341139771179038,0.0,159914,2160.3780201986906,83924.11924125
13641.926437001812,1200,4.0,1.6683732859324736,487812,9009.513057111511,67312.86549712499
13643.945708102108,300,5.980728899701684,0.0,124011,2019.2711002983156,67312.86549712499
13647.51641358331,750,6.410023418501252,0.0,378327,3570.7054812004317,143231.59018125
13651.16102351294,750,6.765413488870197,0.0,390680,3644.6099296310554,101201.5775635
13654.741530534422,750,7.184906467386868,0.0,345516,3580.5070214833295,109396.8
13657.753275775767,750,8.173161226040493,0.0,384505,3011.745241346375,77593.097913375
13666.74936576228,1200,4.0,0.8229287604713118,599477,8996.089986511804,113189.23611112499
13668.327670433595,300,6.421695328683841,0.0,172312,1578.3046713161596,142769.5406925
13671.402512014125,750,7.346853748155372,0.0,398987,3074.841580528469,115178.306092125
13676.858145279995,1200,5.891220482284557,0.0,638661,5455.633265870815,130846.91848874999
13679.02855299814,750,7.720812764141791,0.0,331053,2170.4077181427656,194082.4915825
13682.367976925696,1200,8.381388836585252,0.0,550906,3339.423927556539,161861.2903225

