10015.9908182221,750,4.0,1.5754002818435975,450283,1575.4002818435974,214743.96642125
10016.833439979451,300,7.157378242649309,0.0,155580,842.6217573506916,214743.96642125
10018.20329055622,750,9.78752766588118,0.0,350812,1369.8505767681293,362546.3108325
10021.542967565567,1850,10.44785065653246,0.0,933276,3339.6770093487216,170555.455365
10031.851123496399,2850,4.1396947257012195,0.0,1472558,10308.155930831239,109549.45054949999
10033.129719046112,300,6.861099175988101,0.0,126289,1278.5955497131192,157078.75895000002
10035.581091012413,750,8.409727209687535,0.0,352642,2451.371966300565,216701.12782
10038.915812529709,1200,9.075005692391914,0.0,709534,3334.7215172956226,236568.5752325
10043.463113804792,1850,8.52770441730964,0.0,852833,4547.301275082273,227036.90888125
10046.030799467255,1200,9.960018754845848,0.0,560821,2567.6856624637926,237368.13186875
10050.334909490492,1850,9.655908731608106,0.0,939819,4304.110023237741,315818.02120125
10055.483675512096,1850,8.50714271000487,0.0,917428,5148.766021603234,201917.33639500002
10058.59190368036,1200,9.398914541741691,0.0,624282,3108.2281682631797,238330.81761
10064.140737365338,1850,7.850080856763043,0.0,1036454,5548.833684978648,170770.27027
10067.29902971472,1200,8.691788507381672,0.0,526950,3158.2923493813714,175094.82758625
10070.45371869337,1200,9.53709952873185,0.0,587876,3154.6889786498205,200144.5255475
10074.711193887953,1850,9.279624334148224,0.0,966699,4257.475194583627,202530.79178875
10079.437217220564,1850,8.553601001537329,0.0,885714,4726.023332610896,192885.0141375
10082.636811023507,1200,9.354007198593013,0.0,639204,3199.593802944315,205324.32432375
10086.449338284468,1850,9.541479937632564,0.0,923755,3812.52726096045,288328.94736875
10091.022363494678,1850,8.968454727422536,0.0,891604,4573.025210210029,266370.15781875
10095.412824772498,1850,8.577993449603163,0.0,955231,4390.461277819372,245287.2340425
10099.34795585536,1200,8.642862366740301,0.0,656471,3935.131082862862,310057.59162250004
10102.639881165494,1200,9.350937056604531,0.0,536667,3291.9253101357695,153598.63945624998
10106.717774940824,1850,9.273043281274957,0.0,897976,4077.8937753295736,243385.9154925
10110.069242568265,1850,9.921575653835916,0.0,905935,3351.4676274390404,362582.15010125
10114.686809865265,1850,9.304008356835759,0.0,1076599,4617.567297000158,243763.98362875
10118.471519226361,1850,9.519298995738515,0.0,758197,3784.709361097245,297822.41379250004
10125.698995797398,1850,6.29182242470116,0.0,972798,7227.476571037354,132124.42396374998
10127.747025820014,750,8.24379240208651,0.0,400508,2048.030022614649,369562.2710625
10129.890822515104,1200,10.099995706994894,0.0,570392,2143.7966950916157,300078.94736875
10134.246517716483,1850,9.744300505616144,0.0,954453,4355.69520137875,140753.39673875002
10139.217921968791,1850,8.772896253306692,0.0,885062,4971.404252309451,278058.42391250003
10142.971070364436,1200,9.019747857661626,0.0,670129,3753.1483956450643,302547.2837025
10147.538566866706,1850,8.452251355392967,0.0,1026056,4567.49650226866,358882.5688075
10150.286696523846,1200,9.70412169825131,0.0,598727,2748.129657141657,304577.60314375
10153.708814486592,1850,10.282003735507423,0.0,728962,3422.1179627438864,312665.083135
10161.561226922162,1850,6.429591299937103,0.0,938587,7852.412435570321,107025.9036145
10163.75837621241,750,8.23244200968743,0.0,378327,2197.149290249671,304983.2869075
10166.246229177696,1200,9.744589044403817,0.0,587506,2487.852965283613,216230.25435125
10171.40709113863,1850,8.583727083470178,0.0,858450,5160.861960933641,273423.56687875005
10173.855082218266,1200,10.135736003834166,0.0,641452,2447.9910796360114,208882.1428575
10179.837794298604,1850,8.15302392349448,0.0,886255,5982.7120803396865,123653.28719725
10183.458334541872,1200,8.532483680225617,0.0,634861,3620.540243268862,258489.76807625
10185.71535752906,1200,10.275460693039616,0.0,630203,2257.0229871860024,297365.81469625
10190.85467204016,1850,9.136146181940145,0.0,982064,5139.314511099469,208667.011375
10194.571304758976,1850,9.419513463123803,0.0,830730,3716.6327188163405,274671.97452249995
10199.761856028976,1850,8.22896219312385,0.0,846370,5190.551269999954,131163.48241375

