10790.500735795447,750,4.0,7.528019682657206,450283,7528.0196826572055,70132.62260125
10792.797090048518,300,5.7036457469296495,0.0,155580,2296.3542530703508,76193.33553287499
10798.302136704668,750,4.198599090779997,0.0,350812,5505.046656149652,49446.234791124996
10801.300460299626,300,5.20027549582201,0.0,155432,2998.3235949579876,61238.381283625
10804.175266424401,300,6.325469371047966,0.0,163442,2874.806124774043,62014.753046875005
10809.346789476824,750,5.153946318625641,0.0,318564,5171.523052422325,76049.08279625
10811.51696904298,300,6.983766752470307,0.0,153295,2170.1795661553338,97115.69016887501
10815.84487019005,750,6.655865605399127,0.0,437162,4327.901147071179,95509.254627375
10819.97181150776,750,6.528924287690263,0.0,374758,4126.9413177088645,91143.838978875
10823.606183977638,750,6.894551817812903,0.0,362795,3634.37246987736,104998.2445875
10827.43043107704,750,7.070304718410412,0.0,353220,3824.24709940249,102834.36852999999
10832.106112467025,750,6.394623328427527,0.0,405134,4675.681389982886,93754.76558475
10836.852164838981,750,5.648570956471445,0.0,386351,4746.052371956082,80209.02934537499
10842.662874590527,750,4.0,0.162138795075517,434409,5810.709751546961,69497.606019125
10844.878441235847,300,5.784433354679644,0.0,140051,2215.5666453203557,63110.291760125
10849.988819084068,750,4.67405550645884,0.0,366214,5110.377848220804,85875.4246885
10851.883722038287,300,6.779152552241276,0.0,143509,1894.9029542175647,60779.5537795
10857.124036870497,750,5.538837720030803,0.0,372963,5240.314832210473,108358.27780625
10858.810636980586,300,7.852237609941287,0.0,165384,1686.6001100895157,108358.27780625
10865.819871662285,1200,4.843002928241001,0.0,586839,7009.234681700287,95775.655021875
10867.609217888938,300,7.0536567015876415,0.0,157671,1789.3462266533588,101930.38674037499
10872.290946544803,750,6.371928045722921,0.0,399894,4681.728655864721,86875.789473625
10877.160314242603,750,5.502560347923215,0.0,401853,4869.367697799706,85615.2371825
10878.796774832997,300,7.866099757529381,0.0,137654,1636.4605903938343,99408.36197025
10885.894759743478,1200,4.7681148470488655,0.0,587236,7097.984910480515,101252.637749125
10887.584117506189,300,7.078757084337886,0.0,153938,1689.3577627109787,100480.91133
10892.234550472356,750,6.428324118171613,0.0,425781,4650.432966166273,100909.70515975
10895.339285650241,750,7.323588940285293,0.0,277716,3104.7351778863194,91405.95111587501
10903.335379889138,1200,4.0,0.672505298609719,622896,7996.0942388950125,99918.64406775
10904.992667145485,300,6.342712743652325,0.0,149029,1657.2872563476747,91827.863362375
10908.699562430133,750,6.635817459004928,0.0,358218,3706.895284647397,125181.18653124999
10912.660397084557,750,6.674982804581206,0.0,400322,3960.8346544237215,98929.72103
10916.503811635686,750,6.831568253452293,0.0,369834,3843.414551128914,105600.91743125
10920.57298801429,750,6.762391874848018,0.0,412837,4069.1763786042748,115833.069202375
10925.508581019778,750,5.826798869359569,0.0,401088,4935.593005488449,99441.69096212501
10928.802612109166,750,6.532767779971676,0.0,365161,3294.0310893878927,123564.47298025001
10931.607918181642,750,7.727461707495324,0.0,321064,2805.3060724763527,128517.9487175
10936.825968583187,1200,6.509411305950324,0.0,575591,5218.050401545001,124274.638633375
10941.39681217011,750,5.938567719027733,0.0,378327,4570.8435869225905,127649.13544625
10945.864852758568,750,5.470527130568127,0.0,390680,4468.040588459607,128976.70549125002
10947.133390303989,300,8.201989585147286,0.0,147968,1268.5375454208395,147818.4713375
10951.887120100999,1200,7.448259788136874,0.0,641452,4753.729797010413,164745.932415
10956.02185725009,1200,7.313522639045007,0.0,599477,4134.737149091867,136722.76483875
10961.076148948201,1200,6.259230940933214,0.0,634861,5054.291698111793,125846.97508875001
10964.754479281475,750,6.580900607659032,0.0,398987,3678.3303332741816,81575.2175715
10970.513055067902,750,4.82232482123251,0.0,393804,5758.575786426522,79860.979462875
10972.728934645711,300,6.606445243424516,0.0,137507,2215.8795778079934,61228.111372
10978.835549194424,750,4.49983069471105,0.0,314107,6106.614548713466,51676.1183085

