14460.111422846956,750,4.0,1.1823497891980714,450283,1182.3497891980714,474828.306265
14460.536323138054,300,7.575099708901448,0.0,155580,424.9002910985534,474828.306265
14462.027470143967,1200,10.083952702989142,0.0,571051,1491.1470059123046,391822.34957
14464.415145603169,1850,11.69627724378767,0.0,933276,2387.675459201473,516792.34972625
14467.767512483166,2850,12.34391036379058,0.0,1472558,3352.3668799970915,500732.52279625
14472.74263824486,4300,11.368784602097076,0.0,1941625,4975.125761693503,386886.925795
14476.15676046623,2850,11.954662380726456,0.0,1388403,3414.1222213706205,470839.64365249994
14480.191288842034,2850,11.920134004923458,0.0,1638769,4034.5283758029964,544489.16408625
14483.932792642569,2850,12.178630204387659,0.0,1348011,3741.5038005358006,317420.59336875
14490.43796998299,4300,9.67345286396733,0.0,2169201,6505.177340420329,418674.75728125
14492.830859564596,1850,11.280563282361081,0.0,939819,2392.889581606249,351167.79661
14496.66953412725,2850,11.441888719704938,0.0,1519951,3838.674562656144,455654.545455
14500.262878547748,2850,11.84854429920685,0.0,1422919,3593.3444204980888,448549.36708875
14505.335559665893,2850,10.775863181062995,0.0,1578343,5072.6811181438525,404491.80327875
14508.212477156449,2850,11.898945690505483,0.0,1231445,2876.9174905575137,428715.18987375003
14511.889960990413,2850,12.221461856542163,0.0,1471065,3677.4838339633206,328946.36015375
14518.16497254563,4300,9.946450301325621,0.0,2289689,6275.01155521654,416424.17582375003
14520.64607858019,1850,11.465344266765445,0.0,885714,2481.1060345601763,377588.23529375
14525.16308457317,2850,10.948338273784394,0.0,1537156,4517.005992981052,320841.09589
14529.211678688089,2850,10.899744158866662,0.0,1336050,4048.5941149177315,447492.440605
14532.322340538647,2850,11.78908230830872,0.0,1415116,3110.661850557942,507993.24324374995
14535.62622604281,2850,12.485196804144353,0.0,1468126,3303.885504164367,488294.1176475
14540.962762878287,4300,11.14865996866717,0.0,2221506,5336.536835477182,428103.6144575
14544.352996351932,2850,11.758426495021979,0.0,1323990,3390.2334736451926,606624.0
14547.315469285044,2850,12.7959535619107,0.0,1383735,2962.472933111277,513043.85964875
14551.796571773168,4300,12.314851073787427,0.0,2105231,4481.102488123273,542129.56810625
14557.222120353721,4300,10.889302493234814,0.0,2395588,5425.548580552613,499982.60869625
14560.617167988423,2850,11.494254858532626,0.0,1141971,3395.0476347021886,283432.28454125003
14565.453065199601,2850,10.658357647355475,0.0,1498470,4835.897211177151,363409.00562875
14572.606127923103,2850,7.505294923853647,0.0,1561263,7153.062723501828,246233.42175125
14575.074043944724,1200,9.037378902231923,0.0,570392,2467.916021621723,266461.53846124996
14578.280334331665,1850,9.831088515290258,0.0,954453,3206.2903869416655,318079.2393025
14581.408858491695,1850,10.702564355261321,0.0,885062,3128.5241600289364,304707.43033999996
14586.046368985666,2850,10.065053861289025,0.0,1587293,4637.510493972297,296439.46932
14590.694819017499,1850,9.416603829455502,0.0,1026056,4648.450031833523,290214.52145249996
14594.173679370328,1850,9.937743476628238,0.0,943942,3478.8603528272633,257816.41791
14597.0597647345,1850,11.051658112454668,0.0,728962,2886.085364173571,230408.13464250002
14603.95647683809,2850,8.154946008865664,0.0,1499009,6896.712103589004,267062.7137975
14606.133503053832,1200,9.977919793121684,0.0,605884,2177.0262157439806,276542.37288125
14608.85084800239,1850,11.260574844563195,0.0,930577,2717.34494855849,317276.595745
14613.032071491341,2850,11.079351355611854,0.0,1339500,4181.22348895134,474828.306265
14616.882901912713,2850,11.228520934241029,0.0,1527299,3850.830421370825,516792.34972625
14619.962398084977,2850,12.14902476197717,0.0,1343002,3079.496172263858,491164.02116375003
14625.609776769057,4300,10.501646077898764,0.0,2219102,5647.378684078408,385599.62049375003
14629.13204297084,2850,10.979379876115049,0.0,1464921,3522.266201783716,455464.19098125
14632.793442794351,2850,11.317980052603685,0.0,1483527,3661.3998235113636,544489.16408625
14636.242830808691,2850,11.868592038262177,0.0,1231456,3449.388014341507,335073.92197125003
14640.836055618098,2850,11.275367228856677,0.0,1364537,4593.224809405499,389538.61003875

