16970.354679526314,750,4.0,4.8551176236478435,450283,4855.117623647843,115556.74760025
16971.851891627328,300,6.502787898988277,0.0,155580,1497.2121010117223,115556.74760025
16974.644972466507,750,7.709707059809494,0.0,350812,2793.080839178783,159490.33149125
16978.399100782066,1200,7.955578744249977,0.0,617681,3754.1283155595174,145494.35665874998
16982.452369679784,1200,7.902309846533121,0.0,652874,4053.2688977168564,176049.50495
16986.304945257303,1200,8.04973426901484,0.0,520315,3852.57557751828,177177.1428575
16989.244544928635,1200,9.110134597679663,0.0,561791,2939.5996713351788,243807.0652175
16995.640773534415,1850,6.713905991902937,0.0,1060487,6396.228605776725,100959.75855125
16998.691634672818,750,7.663044853497867,0.0,374758,3050.86113840507,139114.87018124998
17002.84321886809,1200,7.511460658226971,0.0,560821,4151.584195270896,143157.09090875002
17007.42556517296,1200,6.929114353353547,0.0,607410,4582.346304873424,91141.35021100001
17010.36500514195,750,7.989674384364665,0.0,405134,2939.439968988881,158990.74074125
17016.074661020273,1200,6.2800185060458915,0.0,624282,5709.655878318774,147007.17131499999
17019.212729997136,750,7.141949529181142,0.0,434409,3138.0689768647494,155838.36858
17021.373475845125,750,8.981203681193966,0.0,337059,2160.7458479871757,209225.99531625
17027.908876567755,1850,6.4458029585649275,0.0,923170,6535.400722629038,141650.17361125
17030.44487329737,750,7.90980622895093,0.0,360831,2535.9967296139976,164299.20564875
17033.867251807453,1200,8.487427718865534,0.0,581493,3422.378510085396,177083.93039875
17039.382640821677,1200,6.972038704638315,0.0,639204,5515.389014227219,120473.637961375
17043.011083459784,750,7.343596066533167,0.0,350713,3628.442638105148,96503.502266125
17049.623802857823,1200,4.73087666849364,0.0,601738,6612.719398039527,191053.86416875
17050.58627110453,300,7.768408421787222,0.0,157812,962.4682467064179,186825.06762875
17054.39377784647,1200,7.960901679847369,0.0,656471,3807.506741939853,171183.67346999998
17057.567915618674,1200,8.78676390764386,0.0,536667,3174.13777220351,165668.5796275
17060.89731110855,1200,9.457368417764032,0.0,587236,3329.3954898798274,210998.91067500002
17066.24844198171,1850,8.10623754460835,0.0,905935,5351.130873155683,175249.25816
17071.191849881026,1200,7.162829645287018,0.0,696376,4943.407899321331,124520.78609225
17073.793272513154,750,8.561407013157579,0.0,277716,2601.422632129439,111593.283582125
17082.192615490625,1200,4.1620640356874485,0.0,622896,8399.34297747013,144312.45043625
17083.3596501235,300,6.995029402814619,0.0,149029,1167.0346328728292,144312.45043625
17087.128063519376,750,7.226616006936161,0.0,358218,3768.4133958784582,72962.217659125
17094.300617724544,1200,4.054061801769936,0.0,620283,7172.554205166226,121882.97213625
17095.633574479874,300,6.721105046440932,0.0,143881,1332.9567553290037,115704.871060125
17099.395394765186,750,6.959284761127232,0.0,412837,3761.8202853137,113508.084577125
17102.86880401022,750,7.485875516092736,0.0,401088,3473.4092450344956,137277.2727275
17108.05151558131,1200,6.303163945003933,0.0,598727,5182.711571088802,106211.259079875
17111.324256942975,750,7.030422583337286,0.0,321064,3272.7413616666477,105485.420240125
17118.028519236603,750,4.326160289710093,0.0,361565,6704.262293627193,44059.36365575
17121.00210714328,300,5.352572383031856,0.0,144254,2973.587906678236,54197.22650225
17123.436691994157,300,6.917987532155817,0.0,149991,2434.5848508760387,75711.440678
17130.96620755408,750,4.0,0.6115280277680067,345516,7529.515559923824,60573.52941175
17133.989873711467,300,4.976333842613544,0.0,161857,3023.6661573864562,55908.232517000004
17137.17832392595,300,5.78788362813232,0.0,145210,3188.4502144812227,40152.71966525
17150.581705880166,750,4.0,7.615498326081753,438281,13403.381954214074,30328.83108225
17155.221059315023,300,4.0,0.6393534348574867,167025,4639.353434857487,39480.593849375
17158.198781516694,300,5.022277798326848,0.0,160064,2977.7222016731516,66002.81237449999
17160.36569934818,300,6.855359966837445,0.0,137507,2166.9178314894034,70531.365313625
17164.211785712134,750,7.009273602884491,0.0,314107,3846.0863639529534,111598.90109887501

