3132.965773328738,750,4.0,4.277909780182569,450283,4277.909780182569,142118.75
3134.214759628854,300,6.75101369988408,0.0,155580,1248.98630011592,100526.283618625
3138.06304020453,750,6.902733124208192,0.0,350812,3848.280575675888,95273.10231025
3141.4493182929855,750,7.5164550357525,0.0,382355,3386.278088455691,152038.46153875
3145.988679299804,1200,6.977094028934219,0.0,652874,4539.361006818282,198693.00518125
3147.3586999385143,750,9.60707339022373,0.0,318564,1370.02063871049,202719.67963375
3151.401129667008,1850,9.564643661730344,0.0,905515,4042.4297284933864,283547.33218625
3155.8669464767263,1850,9.098826852011724,0.0,1060487,4465.816809718621,180168.76122125
3160.163433938423,1850,8.802339390314678,0.0,852833,4296.487461697045,266331.585845
3164.1055103347053,1850,8.860262994032574,0.0,913888,3942.0763962821056,233834.91204375
3168.2416242762874,1850,8.724149052450704,0.0,939819,4136.113941581869,235518.120805
3170.617197528301,1200,10.348575800437052,0.0,594078,2375.573252013651,315972.43491625
3174.4310524993475,1850,10.534720829390684,0.0,946851,3813.8549710463685,337140.569395
3180.1334447664976,2850,8.832328562240404,0.0,1578343,5702.3922671502805,205161.61616125001
3183.820311315601,1850,9.145462013137147,0.0,821631,3686.866549103257,304569.57087124995
3187.515174289227,1850,9.450599039510863,0.0,923170,3694.862973626284,258662.92134875
3190.9624069912284,1850,10.003366337509185,0.0,966699,3447.2327020016774,330907.4446675
3193.483793021091,1850,11.481980307646213,0.0,885714,2521.3860298629743,410375.0
3198.0578378025666,2850,10.907935526171077,0.0,1537156,4574.044781475134,315748.29932
3202.681056463597,2850,10.284716865140853,0.0,1336050,4623.218661030225,329074.14104874997
3205.470246561252,1850,11.4955267674859,0.0,891604,2789.190097654951,298839.7058825
3210.709334043417,2850,10.25643928532089,0.0,1468126,5239.08748216501,381577.77777750004
3213.331814809818,1850,11.63395851892021,0.0,968026,2622.4807664006807,364108.49056625
3217.8043072291975,2850,11.161466099540624,0.0,1323990,4472.492419379588,317531.25
3223.388203431854,2850,9.577569896883976,0.0,1383735,5583.896202656647,189822.42990625
3227.140595563753,1850,9.825177764985128,0.0,905935,3752.392131898846,282185.54216875
3230.4764917585585,1850,10.489281570179765,0.0,1076599,3335.8961948053643,454361.84210500005
3233.783210793974,2850,11.182562534764104,0.0,1141971,3306.71903541566,324812.93952125
3239.4764353381897,2850,9.489337990547986,0.0,1498470,5693.224544216118,343366.27907
3242.624900078166,1850,10.340873250572015,0.0,975811,3148.4647399759706,333535.31598500005
3245.106595580519,1850,11.85917774821895,0.0,873429,2481.6955023530654,434146.62756625
3249.7596698024813,2850,11.20610352625644,0.0,1497683,4653.07422196251,253569.8587125
3255.114610765115,2850,9.85116256362281,0.0,1358081,5354.940962633632,268397.8978975
3259.487121128858,1850,9.478652199880278,0.0,1035329,4372.510363742532,229295.95827874998
3263.232363504965,1850,9.733409823772561,0.0,1026056,3745.2423761077175,336455.6701025
3266.327318950064,1850,10.638454378673835,0.0,943942,3094.955445098727,365002.109705
3271.0243881136184,2850,9.941385215119704,0.0,1139291,4697.06916355413,203487.40225875
3275.1538008549433,1850,9.811972473794844,0.0,938587,4129.412741324861,287363.38418875
3278.580011777115,1850,10.385761551623025,0.0,908665,3426.2109221718188,297936.5942025
3281.6512477866545,1850,11.314525542083475,0.0,930577,3071.23600953955,335696.70710625
3285.660340636945,2850,11.305432691793026,0.0,1339500,4009.092850290447,303385.51859125
3291.2360480295492,2850,9.729725299188546,0.0,1527299,5575.707392604481,358224.40944875
3293.8156625527436,1850,11.150110775994216,0.0,886255,2579.6145231943274,441763.04347875
3298.709376059531,2850,10.256397269206586,0.0,1587250,4893.713506787632,258496.21785125
3302.107128291186,1850,10.858645037551618,0.0,958994,3397.7522316549666,348530.405405
3306.839040587732,2850,10.126732741006013,0.0,1483527,4731.912296545605,368354.40180625
3309.042859659917,1850,11.922913668820934,0.0,830730,2203.819072185079,455095.23809500004
3312.645249926094,2850,12.320523402643923,0.0,1364537,3602.3902661770117,399291.66666625

