25284.554992796082,750,4.0,1.1482833162359447,450283,1148.2833162359448,435740.25974
25285.008711196773,300,7.546281599307435,0.0,155580,453.71840069256433,438224.8394
25286.507971321564,1200,10.047021474514175,0.0,571051,1499.26012479326,399842.10526375
25290.716528046116,1850,9.838464749962345,0.0,933276,4208.5567245518305,141504.61254625
25295.237269005313,1850,9.317723790765916,0.0,996749,4520.740959196428,303385.51859125
25298.555343259748,1850,9.999649536332203,0.0,801058,3318.074254433714,157930.047695
25303.23232804898,1850,9.322664747097624,0.0,905515,4676.984789234579,317255.35714250006
25306.4907790533,1850,10.064213742777664,0.0,1060487,3258.4510043199602,387347.7218225
25308.433862087615,1850,12.121130708464683,0.0,852833,1943.0830343129805,403448.4732825
25316.022492414144,4300,8.532500381937634,0.0,2169201,7588.630326527049,197036.44646875
25319.944085396597,1200,8.610907399486075,0.0,607410,3921.5929824515592,174886.53846125
25326.389956711275,1200,6.165036084808926,0.0,594078,6445.87131467715,114302.99003325
25331.18744636942,750,5.36754642666741,0.0,386351,4797.489658141516,83071.57464212501
25332.496456018845,300,8.058536777236132,0.0,179801,1309.0096494312772,162333.86967
25336.473211502405,1200,8.081781293674524,0.0,526950,3976.755483561607,287732.18673250003
25338.727524171587,1200,9.827468624494825,0.0,587876,2254.312669179699,272845.8149775
25341.89954552038,1850,10.655447275703272,0.0,966699,3172.021348791553,367289.78224499995
25346.25935304513,2850,10.295639750950793,0.0,1358801,4359.807524752479,329416.66666625004
25349.58292336825,1850,10.972069427831858,0.0,987708,3323.5703231189336,304951.80722874997
25353.983163380013,2850,10.571829416068253,0.0,1336050,4400.240011763607,407122.95081999997
25358.164524862863,2850,10.390467933217542,0.0,1415116,4181.361482850711,261196.65809749998
25361.69247811364,1850,10.86251468243899,0.0,955231,3527.953250778551,277373.99679
25367.17162734705,2850,9.383365449032384,0.0,1505760,5479.149233406606,430751.5657625
25369.61533473174,1850,10.939658064339056,0.0,874175,2443.7073846933267,394972.60274
25372.639361701717,2850,11.915631094365445,0.0,1383735,3024.026969973613,474800.57803499995
25376.472612570982,2850,12.08238022509739,0.0,1480464,3833.2508692680544,410182.13660250005
25383.107235775828,4300,9.44775702025011,0.0,2395588,6634.623204847279,366574.603175
25385.613883333066,1850,10.941109463013603,0.0,758197,2506.6475572365075,362101.123595
25389.413102987495,2850,11.14188980858474,0.0,1498470,3799.2196544288645,385810.30445
25392.86854516621,2850,11.686447629870598,0.0,1561263,3455.4421787141423,496265.36312875
25396.267270998436,2850,12.287721797641494,0.0,1341201,3398.7258322291027,454059.88023999997
25401.98954958509,4300,10.565443210988533,0.0,2147852,5722.278586652961,353152.61044125
25405.376475484347,2850,11.178517311731396,0.0,1358081,3386.9258992571376,449534.43526124995
25410.14004904618,2850,10.414943749897288,0.0,1587293,4763.573561834109,268370.25796625
25414.472409060272,2850,10.082583735799556,0.0,1492672,4332.360014097733,407051.08055
25417.065914489882,1850,11.489078306192248,0.0,943942,2593.5054296073067,275941.2751675
25422.407081006335,2850,10.147911789737751,0.0,1139291,5341.1665164544975,238219.14357624998
25426.94931666816,1850,9.605676127912496,0.0,938587,4542.235661825256,182388.23529375
25430.58817953381,1850,9.966813262261967,0.0,908665,3638.862865650529,395768.9243025
25433.340320857027,1850,11.214671939045187,0.0,930577,2752.1413232167793,338462.057335
25437.46078059664,2850,11.094212199432018,0.0,1339500,4120.459739613168,355166.27634625
25441.816600024486,2850,10.738392771586467,0.0,1527299,4355.819427845553,386779.87421375
25446.496156245605,2850,10.058836550466651,0.0,1343002,4679.556221119816,309091.35399624996
25449.99511501111,1850,10.559877784964598,0.0,973972,3498.9587655020537,247784.313725
25455.451785414643,2850,9.103207381428962,0.0,1464921,5456.670403535634,284585.66221125
25458.914248454414,1850,9.640744341658413,0.0,982064,3462.46303977055,339098.19967249996
25461.5002592618,1850,11.054733534269811,0.0,830730,2586.0108073886026,439165.23605125
25464.760269798375,2850,11.794722997697802,0.0,1364537,3260.010536572009,445693.76693750004

