24119.882514382512,750,4.0,2.7039540741785544,450283,2703.9540741785545,209898.46153875
24120.742741259128,300,7.139773123385195,0.0,155580,860.2268766148045,209898.46153875
24122.468284093415,750,9.414230289098276,0.0,350812,1725.54283428692,234697.15447125
24127.123725442514,1850,8.758788939996236,0.0,933276,4655.441349102039,138365.7644475
24132.658376909385,1200,7.224137473123957,0.0,652874,5534.65146687228,230027.71084375
24137.01080690498,1200,6.871707477531206,0.0,520315,4352.42999559275,60411.07444075
24141.107584489295,750,6.774929893216087,0.0,352642,4096.777584315119,163112.76332124998
24143.95806564865,750,7.924448733858765,0.0,437162,2850.481159357322,156850.34013625
24147.345619206346,1200,8.536895176159652,0.0,584846,3387.5535576991147,166195.5098225
24150.584096011924,1200,9.298418370580881,0.0,560821,3238.47680557877,214810.78224125
24155.012900955197,1850,8.869613427310822,0.0,939819,4428.804943270059,240674.09470750001
24159.286513062914,1850,8.596001319593944,0.0,917428,4273.61210771688,205217.54385999998
24163.39930722431,1200,8.483207158196159,0.0,624282,4112.794161397784,107913.179916375
24169.69587115732,1200,6.186643225185051,0.0,687371,6296.563933011108,112117.9520415
24171.64279461406,750,8.23971976844427,0.0,337059,1946.9234567407832,162194.3661975
24175.53152344325,1200,8.35099093925803,0.0,587876,3888.7288291862387,267074.6054525
24178.849073758436,1200,9.033440624073398,0.0,617242,3317.550315184631,133290.44684125
24191.57202173046,1850,4.0,3.6895073479527456,885714,12722.947972026144,164939.43662
24192.774173239497,300,6.797848490966358,0.0,165384,1202.1515090336413,102309.608540875
24197.197476012316,750,6.37454571814655,0.0,350713,4423.3027728198085,115552.23880600001
24199.881320803128,750,7.690700927333616,0.0,386472,2683.8447908129338,160986.01398625
24204.043613372283,1200,7.528408358176009,0.0,616206,4162.292569157607,165843.598055
24208.441346281215,1200,7.130675449246193,0.0,656471,4397.7329089298155,106251.74825175
24210.571334872166,750,9.000686858299623,0.0,343800,2129.9885909465706,222896.43268125
24216.675465614364,1850,6.896556116100608,0.0,897976,6104.130742199015,176471.1155375
24218.972631833483,750,8.599389896983016,0.0,379700,2297.1662191175915,146947.86729875
24224.369183400668,1200,7.202838329797563,0.0,696376,5396.551567185454,71734.0599455
24228.763652174213,1200,6.8083695562548945,0.0,487160,4394.468773542669,200873.812755
24231.249179864117,750,8.32284186635112,0.0,400396,2485.5276899037754,162516.59919
24236.21214721047,1200,7.359874519995493,0.0,641447,4962.967346355625,173388.22525625
24239.452244212465,1200,8.119777518002309,0.0,570392,3240.097001993184,228054.13533875
24243.80445906169,1200,7.767562668777977,0.0,620283,4352.214849224332,83395.26627225
24252.95829625642,1200,4.0,1.3862745259522016,584349,9153.837194730178,111720.625
24255.95281430097,300,5.005481955450618,0.0,163444,2994.5180445493825,58292.691029875
24258.126051283838,300,6.832244972584243,0.0,179328,2173.236982866375,94033.63914375
24263.201132860548,750,5.757163395870485,0.0,365161,5075.081576713757,84113.33061562499
24266.611066033864,750,6.34723022255558,0.0,321064,3409.933173314905,111395.88528675
24269.70137872362,750,7.2569175327970985,0.0,361565,3090.312689758481,140306.5693425
24273.771795310535,1200,7.186500945882468,0.0,605884,4070.4165869146304,186354.50819624998
24276.12033926193,750,8.837956994486133,0.0,390680,2348.543951396336,202565.96794125
24280.584704423734,1850,8.373591832682903,0.0,858450,4464.365161803229,208667.011375
24283.847264523007,1200,9.111031733407504,0.0,641452,3262.5600992754,210057.39910374998
24287.879199071627,1850,9.079097184786614,0.0,886255,4031.9345486208904,223504.85436875
24292.176753332875,1850,8.781542923536973,0.0,973972,4297.55426124964,219867.64705875
24295.40841118103,1200,9.549885075383024,0.0,630203,3231.6578481539486,187872.93889375002
24301.566019058715,1850,7.392277197697619,0.0,982064,6157.607877685406,150917.37649125
24304.52112467204,1200,8.437171584372477,0.0,538612,2955.105613325143,153311.312965
24308.103663025533,1200,8.854633230879893,0.0,550906,3582.5383534925845,196465.67164125

