1583.4740928252274,750,4.0,2.731225734575557,450283,2731.225734575557,185372.28260874999
1584.4375497193646,300,7.036543105862896,0.0,155580,963.4568941371031,185372.28260874999
1586.6451339744292,750,8.828958850798239,0.0,350812,2207.584255064658,169935.246505
1598.6115048819827,1850,4.0,3.1374120567552852,933276,11966.370907553524,89304.060434375
1600.7792490694553,300,5.83225581252733,0.0,163442,2167.7441874726705,58402.806808
1605.1914302651876,750,5.420074616795088,0.0,318564,4412.181195732242,140840.222575
1606.5435032637558,300,8.0680016182266,0.0,153295,1352.0729985684893,121297.966963125
1611.5952724229219,1200,7.0162324590607925,0.0,709534,5051.769159165807,165996.2997225
1614.302389687695,750,8.309115194287468,0.0,374758,2707.117264773325,137396.9571225
1619.0819345805935,1200,7.529570301388946,0.0,560821,4779.5448928985215,135888.96411625002
1623.2520531556995,1200,7.35945172628304,0.0,607410,4170.1185751059065,177741.8831175
1629.6466183790178,1200,4.9648865029647355,0.0,594078,6394.565223318304,126802.67558499999
1631.052111677839,300,7.559393204143352,0.0,160746,1405.493298821384,155601.87553249998
1635.577701027247,1200,7.033803854735466,0.0,687371,4525.5893494078855,175214.28571375
1637.6085743137703,750,9.0029305682124,0.0,337059,2030.8732865230654,161767.42081500002
1643.2218902485909,1850,7.389614633391913,0.0,923170,5613.315934820488,206420.18779375
1646.4088733650763,1200,8.202631516906516,0.0,617242,3186.9831164853977,189068.85245874999
1649.9103237184615,1200,8.701181163521339,0.0,581493,3501.450353385179,180509.9557525
1653.94998044537,1200,8.661524436612623,0.0,639204,4039.6567269087154,183201.277955
1657.584784557868,1200,9.02672032411475,0.0,586839,3634.8041124978718,204853.80710625
1662.4464124595272,1850,8.165092422455698,0.0,891604,4861.6279016590515,234048.84667625002
1665.9468534448722,1200,8.664651437110688,0.0,616206,3500.4409853450115,204328.40236625
1669.1253278066638,1200,9.486177075319086,0.0,656471,3178.4743617916033,192341.16541375
1672.8030741549176,1850,9.80843072706519,0.0,874175,3677.746348253895,266606.38297875
1676.9863735204258,1850,9.625131361557164,0.0,897976,4183.299365508025,299068.80734
1680.7115636368223,1850,9.899941245160536,0.0,905935,3725.1901163966277,275869.24219874997
1684.8422295478495,1850,9.769275334133516,0.0,1076599,4130.665911027019,251350.82872874997
1688.0670608165667,1850,10.544444065416297,0.0,758197,3224.831268717219,292751.33689875
1693.9136098623935,2850,8.697895019589428,0.0,1498470,5846.549045826868,288807.37704875
1696.0101454145597,1200,10.601359467423192,0.0,641447,2096.535552166237,267471.036585
1701.5631335527266,2850,9.048371329256163,0.0,1341201,5552.98813816703,193293.85474875
1706.2311426698568,1850,8.380362212126059,0.0,954453,4668.009117130103,223739.1826925
1709.7370402856732,1200,8.874464596309616,0.0,584349,3505.897615816443,139076.36656
1715.2495162799732,1850,7.361988602009494,0.0,1035329,5512.475994300124,245764.95278125
1719.2493238978045,1200,7.362180984178111,0.0,690253,3999.8076178313836,275151.3944225
1721.6403434694967,1200,8.971161412486193,0.0,598727,2391.0195716919175,243365.14983374998
1724.8469489206393,1850,9.764555961343449,0.0,728962,3206.6054511427446,237660.40462375
1731.1868721822914,1850,7.424632699691141,0.0,938587,6339.923261652308,213896.01769875
1734.1932054113247,1200,8.418299470657756,0.0,605884,3006.333229033386,178966.66666625
1737.5571104217654,1200,9.054394460217114,0.0,587506,3363.905010440642,212182.8571425
1741.6774589941615,1850,8.934045887820863,0.0,858450,4120.34857239625,232898.98989875
1746.7864601248914,1850,7.825044757090952,0.0,1025005,5109.001130729911,204884.125145
1750.3265945178764,1200,8.28491036410605,0.0,599477,3540.1343929849018,237535.2941175
1753.651488546005,1200,8.960016335977212,0.0,634861,3324.8940281288383,176330.612245
1758.794595217466,1850,7.816909664516606,0.0,958994,5143.106671460606,176697.88519625
1761.601433403925,1200,9.010071478057503,0.0,638661,2806.838186459102,282749.19614124997
1764.3913418704387,1850,10.22016301154369,0.0,830730,2789.9084665138134,348937.38489875
1766.9569918442878,1850,11.654513037694574,0.0,846370,2565.6499738491157,292230.76923125004

