19474.124615707082,750,4.0,2.855960794164828,450283,2855.9607941648283,224644.34687125002
19474.933627691284,300,7.1909880157968455,0.0,155580,809.011984203154,224644.34687125002
19476.106361593313,750,10.018254113766275,0.0,350812,1172.7339020305694,329446.5049925
19480.597435169973,1850,9.527180537108276,0.0,933276,4491.073576658,230104.62287125
19486.19753953061,1850,7.927076176468734,0.0,996749,5600.1043606395415,129470.01394749999
19489.67403327064,1200,8.450582436441524,0.0,520315,3476.493740027211,209873.68421
19492.00723347482,1200,10.117382232262356,0.0,561791,2333.200204179167,284153.55086375
19496.161115874464,1850,9.963499832618721,0.0,1060487,4153.882399643635,258209.656925
19499.177960060057,1850,10.94665564702363,0.0,852833,3016.844185595093,361427.7227725
19504.671397916733,2850,9.453217790347198,0.0,1429765,5493.43785667643,281670.2290075
19509.326842700444,1850,8.797773006636723,0.0,939819,4655.444783710476,191786.74033125
19512.701646924783,1200,9.422968782299096,0.0,594078,3374.804224337625,197865.97938125
19517.637041063426,1850,8.487574643652417,0.0,946851,4935.39413864668,207447.24220625
19521.1761875484,1200,8.948428158681518,0.0,687371,3539.1464849708996,182702.47933875
19526.94378258581,1850,7.180833121270604,0.0,821631,5767.595037410913,141959.19938375
19529.635415298657,750,8.489200408425775,0.0,366214,2691.6327128448293,153701.03857625
19533.665320759847,1200,8.459294947235001,0.0,617242,4029.905461190773,182347.8260875
19537.546553864955,1200,8.578061842128523,0.0,581493,3881.2331051064775,186393.86602125
19540.91144591199,1200,9.213169795096759,0.0,639204,3364.8920470317644,200791.27725875002
19548.66605261846,1850,5.458563088626206,0.0,923755,7754.606706470553,131761.9047625
19550.005669151655,300,8.118946555430444,0.0,157671,1339.616533195763,131761.9047625
19554.501890152933,1200,7.622725554157135,0.0,616206,4496.2210012733085,130408.43023250002
19560.855884196957,1200,5.268731510131035,0.0,656471,6353.9940440261,117309.0332805
19562.14689226683,300,7.9777234402581545,0.0,137654,1291.008069872881,122214.90933512499
19567.839656007734,1200,6.28495969935416,0.0,587236,5692.763740903994,85376.6296475
19572.15825771044,750,5.966357996649821,0.0,379700,4318.601702704339,107405.3911205
19575.853230493543,750,6.2713852135470205,0.0,425781,3694.972783102801,124308.19672125
19578.12006180474,750,8.004553902346503,0.0,277716,2266.831311200517,142261.10678125
19581.614825261993,1200,8.509790445097714,0.0,622896,3494.7634572487896,197990.73001125
19589.381627882947,1200,4.742987824141877,0.0,641447,7766.802620955838,34052.0487265
19592.780818785097,300,5.343796921990151,0.0,157421,3399.1909021517254,76806.965174125
19594.41129176484,300,7.71332394224578,0.0,157488,1630.4729797443715,162849.2501975
19598.076503079017,1200,8.048112628069957,0.0,584349,3665.211314175823,198362.28571375
19601.638622571307,1200,8.485993135777415,0.0,670129,3562.1194922925415,194263.09523749998
19605.096803022927,1200,9.0278126841561,0.0,690253,3458.180451621317,255491.44634499997
19608.492799293825,1850,9.631816413261364,0.0,943942,3395.996270894735,285251.61290375004
19611.02228342749,1850,11.102332279593169,0.0,728962,2529.4841336681948,329187.02290125
19616.023440671663,2850,10.10117503542074,0.0,1499009,5001.15724417243,341085.0
19618.77015745886,1850,11.354458248223601,0.0,908665,2746.7167871971396,388949.79919625
19622.341430307573,2850,11.783185399508227,0.0,1402287,3571.272848715372,480914.35768250003
19626.39783570713,2850,11.726779999952909,0.0,1339500,4056.4053995553177,392125.85034
19632.217116504253,2850,9.907499202827603,0.0,1527299,5819.280797125306,263156.4171125
19635.57596422411,1850,10.548651482969468,0.0,886255,3358.847719858135,256250.90909124998
19644.497712466793,2850,5.6269032402902575,0.0,1587250,8921.74824267921,199196.2095875
19646.681037724484,750,7.443577982597532,0.0,398987,2183.3252576927257,159887.24584125
19650.28320271237,1200,7.841412994714592,0.0,638661,3602.164987882939,248372.90715374998
19652.773979959937,1200,9.35063574714709,0.0,538612,2490.777247567503,175513.88888875
19657.135440531783,1850,8.989175175297664,0.0,846370,4361.460571849427,240620.40816375

