24506.01404039136,750,4.0,7.571061952176263,450283,7571.061952176264,68544.36090225
24507.99383481452,300,6.020205576839139,0.0,155580,1979.794423160861,113827.40348225
24510.42195326846,750,7.592087122899908,0.0,350812,2428.1184539392307,120775.76514675
24515.348828271908,1200,6.665212119451712,0.0,617681,4926.875003448196,159146.4605375
24518.468265303232,750,7.545775088127517,0.0,411561,3119.437031324195,148347.31934750002
24521.96217645133,1200,8.051863940028335,0.0,520315,3493.911148099182,154251.87265875
24528.35228706266,1200,5.6617533286994455,0.0,561791,6390.11061132889,93197.25141474999
24536.09607766743,750,4.0,2.082037276068915,437162,7743.790604768361,37812.358703875
24540.37158703794,300,4.0,0.27550937050907487,150710,4275.509370509075,37812.358703875
24544.074122896123,300,4.297464141816888,0.0,139105,3702.5358581831124,40992.84725425
24547.004046451915,300,5.36754058602469,0.0,141840,2929.923555792198,66747.829369625
24549.181557870572,300,7.190029167369143,0.0,156148,2177.5114186555465,107447.497546625
24552.279501285877,750,8.092085752061221,0.0,386351,3097.943415307922,126585.85209
24557.54933571623,1200,6.822251321710784,0.0,687371,5269.834430350438,109438.88537050001
24560.272783935456,750,8.09880310248306,0.0,337059,2723.4482192277237,131377.19969375
24564.99038679845,1200,7.3812002394922445,0.0,587876,4717.602862990815,107250.0
24571.73635187348,1200,4.635235164460326,0.0,617242,6745.965075031919,88477.70154375
24573.872546533174,300,6.499040504766625,0.0,150616,2136.194659693701,77068.36108675
24582.061238343213,750,4.0,1.6896513052718474,405596,8188.691810038472,110612.53196925
24583.486054781497,300,6.575183561716531,0.0,140881,1424.8164382834693,99985.751978875
24587.528859411505,750,6.532378931709302,0.0,386472,4042.8046300072283,92036.6610265
24591.3544036003,750,6.7068347429132285,0.0,399894,3825.5441887960737,133250.536865
24594.554195784418,750,7.507042558793875,0.0,401853,3199.7921841193534,143954.811715
24598.265766917044,1200,7.795471426171934,0.0,536667,3711.5711326219403,147285.40146
24602.963847303068,1200,7.097391040149638,0.0,587236,4698.080386022296,81921.65092687501
24606.968096669618,750,7.093141673597604,0.0,379700,4004.2493665520346,146936.25498
24610.862941564996,750,7.198296778220632,0.0,425781,3894.8448953769716,61711.444652875
24615.59450280373,750,6.466735539482932,0.0,277716,4731.5612387377005,68544.36090225
24619.74691698425,750,6.314321358960622,0.0,400396,4152.41418052231,209402.1621625
24623.04840768506,750,7.012830658153991,0.0,400508,3301.4907008066307,112519.928613875
24625.69599183531,750,8.36524650790117,0.0,358218,2647.5841502528206,159146.4605375
24630.388666165803,1200,7.672572177409766,0.0,620283,4692.674330491405,199419.9785175
24634.772968887402,1200,7.28826945580905,0.0,584349,4384.302721600716,51539.5458105
24644.89506736203,1200,4.0,2.833829018819857,670129,10122.098474628907,60518.124376499996
24649.319983176905,300,4.0,0.42491581487120583,179328,4424.915814871206,37812.358703875
24653.672589516627,300,4.0,0.35260633972210964,159914,4352.60633972211,40992.84725425
24656.765893060056,300,4.90669645657388,0.0,131610,3093.30354342612,66747.829369625
24658.801580547868,300,6.871008968761038,0.0,124011,2035.6874878128415,66747.829369625
24662.027954843175,750,7.644634673457334,0.0,378327,3226.374295303704,126585.85209
24666.551370740282,1200,7.121218776349661,0.0,587506,4523.415897107674,187585.81706124998
24669.412497753056,750,8.26009176357896,0.0,345516,2861.127012770702,145898.55072499998
24674.28413428809,1200,7.388455228545732,0.0,641452,4871.636535033227,144505.25464875
24680.525504754234,1200,5.147084762398283,0.0,599477,6241.370466147449,88477.70154375
24682.713637930923,300,6.958951585710942,0.0,172312,2188.1331766873404,77068.36108675
24690.06129949186,750,4.0,0.38870997522541345,398987,7347.661560936355,43500.501253124996
24692.927549174885,300,5.133750316975267,0.0,160064,2866.249683024733,110612.53196925
24694.353651682857,300,7.707647809002187,0.0,137507,1426.1025079730807,99985.751978875
24700.124979528424,1200,5.936319963434883,0.0,550906,5771.3278455673035,124151.535836125

