7330.911414090423,750,4.0,9.971750996673139,450283,9971.75099667314,44400.917926625
7334.395037999655,300,4.516376090767351,0.0,155580,3483.623909232648,66765.539173125
7336.680036215203,300,6.23137787521933,0.0,139857,2284.998215548021,66765.539173125
7340.40717701388,750,6.50423707654266,0.0,382355,3727.14079867667,132397.12918624998
7343.424500710787,750,7.486913379635969,0.0,411561,3017.3236969066916,158546.521375
7346.9770067015115,1200,7.934407388910814,0.0,520315,3552.5059907251552,177354.35435374998
7350.356188351529,1200,8.555225738892904,0.0,561791,3379.1816500179098,157472.43426625
7354.609009751859,1200,8.302404338563422,0.0,709534,4252.821400329483,198279.4411175
7358.162053968189,1200,8.749360122233377,0.0,584846,3553.044216330045,131582.06796875
7363.686677947343,1200,7.2247361430796095,0.0,560821,5524.623979153766,173348.03921625
7368.306058342841,1200,6.605355747581729,0.0,607410,4619.38039549788,115870.875179375
7372.401424145172,750,6.509989945250464,0.0,405134,4095.3658023312664,80940.576496625
7377.128061977866,750,5.783352112556932,0.0,386351,4726.637832693532,93007.91904975001
7379.9738129849975,750,6.937601105425492,0.0,434409,2845.751007131439,127045.48685125
7383.555691287416,750,7.355722803006402,0.0,337059,3581.8783024190902,138405.101275
7387.620129303361,1200,7.291284787060745,0.0,587876,4064.438015945657,104560.047562375
7395.364469087169,1200,4.0,0.45305499674674504,617242,7744.33978380749,95684.73451325
7398.059828709014,300,5.304640378153929,0.0,150616,2695.3596218460716,52225.19294375
7401.258702996313,300,6.105766090855502,0.0,165384,3198.8742872984267,59749.91352475
7407.545059984895,750,4.0,0.18059089772524567,350713,6286.356988580747,93368.58316225
7409.917465096444,300,5.6275948884508304,0.0,157671,2372.405111549169,59702.052597875
7417.851758216534,750,4.0,2.306698231639103,399894,7934.293120089934,49136.246786625
7420.082508222789,300,5.76924999374415,0.0,163927,2230.7500062558493,94541.530054625
7422.699654718021,750,7.15210349851295,0.0,343800,2617.1464952312012,163121.261115
7425.201677666367,750,8.65008055016711,0.0,359903,2502.0229483458397,151658.18584125
7428.83719144096,1200,9.014566775573936,0.0,590335,3635.5137745931734,252609.58904125003
7437.623042518121,1850,4.228715698413081,0.0,1076599,8785.851077160854,119559.43293350001
7438.6816793373755,300,7.170078879158727,0.0,111155,1058.6368192543544,119559.43293350001
7442.165880455183,750,7.685877761351714,0.0,400396,3484.2011178070134,119539.135514
7447.161116826243,1200,6.690641390290464,0.0,641447,4995.23637106125,87168.695652125
7450.206434394132,750,7.645323822401654,0.0,358218,3045.31756788881,139813.44902375
7457.157624824791,1200,4.69413339174282,0.0,620283,6951.190430658834,109329.7931805
7458.759628612494,300,7.092129604039645,0.0,143881,1602.003787703175,93595.87955625
7461.71296186641,750,8.138796350123684,0.0,412837,2953.3332539159605,189523.22738375
7464.765778770236,1200,9.085979446298966,0.0,690253,3052.816903824717,255100.77519375
7468.909362979723,1850,8.94239523681255,0.0,943942,4143.5842094864165,211717.2995775
7473.6167886284,1850,8.234969588134616,0.0,728962,4707.425648677933,154506.279435
7478.124260921593,1200,7.727497294941201,0.0,575591,4507.472293193415,108578.822129625
7483.786834786179,1200,6.064923430356046,0.0,605884,5662.573864585155,105667.69230775
7487.378851440644,750,6.47290677589116,0.0,390680,3592.0166544648855,138568.21705375
7490.1329374364,750,7.718820780134858,0.0,345516,2754.085995756302,93699.339766375
7496.557647202603,1200,5.294111013931278,0.0,641452,6424.709766203579,87330.889540625
7498.387917151564,300,7.463841064970749,0.0,145210,1830.2699489605297,87330.889540625
7516.683991070729,1200,4.0,10.832232854194213,634861,18296.073919164963,36182.865521625004
7522.272760506148,300,4.0,1.5887694354194408,167025,5588.769435419441,29985.483278249998
7527.371549822648,300,4.0,1.0987893164995057,160064,5098.789316499506,35503.025571
7531.7221710274625,300,4.0,0.35062120481496184,137507,4350.621204814962,32323.493662125
7535.637083697502,300,4.085087329961574,0.0,118421,3914.9126700384254,37387.5739645

