21618.33378481106,750,4.0,3.9247822452337946,450283,3924.7822452337946,128147.1509075
21619.685181104276,300,6.648603706784821,0.0,155580,1351.3962932151785,151437.38489875
21622.532671440178,750,7.801113370884768,0.0,350812,2847.4903359000523,118736.24678662501
21626.86988159865,1200,7.463903212411654,0.0,617681,4337.2101584731145,205485.65356
21630.61616987486,1200,7.717614936204974,0.0,652874,3746.288276206679,197766.4307375
21633.65691883212,1200,8.676865978943304,0.0,520315,3040.7489572616714,164400.84835625
21638.38555324407,1200,7.948231566993889,0.0,561791,4728.634411949415,146483.26530625
21643.279467386685,1200,7.054317424377934,0.0,709534,4893.914142615955,225499.38042125
21645.45560809497,750,8.878176716096402,0.0,374758,2176.1407082815326,155435.6955375
21654.032701362168,1850,4.301083448897474,0.0,913888,8577.093267198927,47326.106065
21656.924056846,300,5.409727965065267,0.0,141840,2891.355483832207,116479.26267274999
21658.440787923224,300,7.892996887839592,0.0,156148,1516.7310772256753,105503.468208125
21665.292877681877,1200,5.040907129187582,0.0,624282,6852.08975865201,104003.634161125
21667.132487353363,300,7.20129745770316,0.0,179801,1839.609671484422,111168.510084625
21672.052489320195,1200,6.281295490869682,0.0,526950,4920.001966833478,145385.34279000002
21675.159240209076,750,7.174544601988574,0.0,366214,3106.750888881108,114183.729939125
21679.344911526572,750,6.988873284492185,0.0,360831,4185.671317496389,56687.5
21688.476473382627,750,4.0,2.1426885715599076,372963,9131.561856052092,38512.466607250004
21691.46499695495,300,5.011476427672634,0.0,165384,2988.523572327366,80285.1694915
21693.284918989717,300,7.1915543929054175,0.0,140881,1819.9220347672172,91979.233226875
21698.43759013903,750,6.038883243591775,0.0,386472,5152.671149313642,70306.14611525
21703.483814494124,750,4.992658888499378,0.0,399894,5046.224355092398,89722.00983075
21706.092106365242,300,6.384367017383325,0.0,163927,2608.2918711160532,66650.91049975
21709.57494255516,750,6.901530827465178,0.0,343800,3482.8361899181477,108979.208584875
21712.443646221993,750,8.032827160634664,0.0,359903,2868.7036668305136,112147.11477487501
21720.631227415746,1200,4.0,0.15475403312004893,590335,8187.581193754713,73589.590443625
21722.697438921354,300,5.933788494395061,0.0,181901,2066.2115056049397,108218.896713625
21725.01250508854,750,7.618722327207585,0.0,277716,2315.066167187476,51603.73599
21735.716175613365,1200,4.0,3.0849481976156823,622896,10703.670524823267,163068.52589625
21736.75817996532,300,6.957995648045808,0.0,149029,1042.004351954192,163068.52589625
21739.51658114152,750,8.199594471844813,0.0,358218,2758.4011762009936,121548.42105262501
21743.327485624788,1200,8.388689988577955,0.0,620283,3810.904483266859,192976.04790375
21746.48609189836,1200,9.230083715001056,0.0,584349,3158.606273576899,195200.59880250003
21754.954980725954,1850,4.7611948874078465,0.0,1035329,8468.88882759321,121311.487481625
21756.422107460665,300,7.294068152698201,0.0,179328,1467.126734709645,138779.58236625
21759.92721891897,1200,7.788956694398074,0.0,598727,3505.111458300127,205902.64255875
21762.87065513795,1200,8.845520475414625,0.0,487812,2943.4362189834487,93359.43247500001
21770.688371529264,1850,5.02780408410459,0.0,938587,7817.716391310036,215941.17647
21771.442243149562,300,8.273932463805176,0.0,144254,753.8716202994135,260130.36020625
21774.68695903039,1200,9.029216582978895,0.0,587506,3244.7158808262816,171041.26213625
21778.852622354552,1850,8.86355325881587,0.0,858450,4165.663324163026,257274.19354875
21784.915826316825,1850,6.800349296543677,0.0,1025005,6063.203962272192,105898.10860275
21787.100914727762,750,8.615260885606917,0.0,372093,2185.0884109367616,289271.755725
21790.112298356853,1200,9.603877256515927,0.0,634861,3011.3836290909903,200752.7593825
21794.382260297643,1850,9.333915315726136,0.0,958994,4269.961940789792,187198.1566825
21802.768430129152,1850,4.94774548422017,0.0,982064,8386.169831505966,107741.41161775
21804.586315660923,300,7.129859952446879,0.0,137507,1817.8855317732903,78974.3040685
21809.929627424888,750,5.786548188484115,0.0,314107,5343.3117639627635,81378.24037700001

