26798.651289299698,750,4.0,5.259051639025879,450283,5259.051639025879,111770.07099949999
26800.196515362346,300,6.454773937350686,0.0,155580,1545.2260626493135,111770.07099949999
26803.360885187296,750,7.290404112399548,0.0,350812,3164.369824951139,136895.08002375
26808.966023997025,1200,5.685265302668791,0.0,617681,5605.138809730757,109491.50622874999
26812.837498010496,750,5.813791289193324,0.0,411561,3871.4740134754666,139700.36429874998
26815.10434933688,750,7.546939962811235,0.0,318564,2266.8513263820887,142884.67741874998
26819.617473171893,1200,7.03381612779972,0.0,561791,4513.123835011515,207905.93505
26821.796171879945,750,8.85511741975001,0.0,437162,2178.6987080497074,223743.142145
26826.887571604024,1850,7.763717695667524,0.0,852833,5091.399724082487,205432.958035
26829.911054711385,1200,8.740234588307,0.0,560821,3023.483107360523,187701.69851375
26833.899494710156,1200,8.751794589536958,0.0,607410,3988.4399987700435,82158.697863625
26837.843144932798,1200,8.80814436689304,0.0,594078,3943.6502226439165,211769.60784375
26842.673184614854,1850,7.978104684835146,0.0,946851,4830.039682057894,241681.81818125
26846.83403832362,1200,7.817250976069238,0.0,687371,4160.853708765908,138917.85150125
26849.80107431092,1200,8.85021498877517,0.0,526950,2967.035987294068,220660.71428625
26854.411538665838,1850,8.239750633854685,0.0,923170,4610.464354920484,197193.8559325
26857.46933904759,1200,9.181950252100643,0.0,617242,3057.800381754042,224107.51295375
26862.051426714792,1850,8.599862584901242,0.0,885714,4582.087667199401,179474.3295025
26866.50480235425,1200,8.146486945442692,0.0,639204,4453.37563945855,174960.4519775
26870.51026578572,1200,8.141023513970788,0.0,586839,4005.463431471905,164248.68913875
26874.62244465181,1200,8.028844647883904,0.0,601738,4112.178866086882,130111.55063249999
26879.45278909653,1200,7.198500203163077,0.0,616206,4830.3444447208285,180079.04191625
26882.277803300738,750,8.373485998953457,0.0,401853,2825.014204209619,134935.10118625
26886.445699549677,1200,8.205589750015148,0.0,536667,4167.89624893831,180768.02218124998
26890.426448123304,1200,8.224841176386493,0.0,587236,3980.748573628654,202907.103825
26894.14159485264,1200,8.509694447046675,0.0,590335,3715.1467293398186,200658.536585
26897.52521269649,1200,9.12607660319366,0.0,696376,3383.617843853015,210866.74391624998
26902.4086425217,1850,8.242646777988673,0.0,758197,4883.4298252049875,124987.442922375
26906.696345873504,1200,7.954943426181302,0.0,622896,4287.703351807371,144296.86013375001
26911.970963778625,1200,6.680325521058594,0.0,641447,5274.617905122708,130578.75231624999
26914.737999849323,750,7.9132894503604465,0.0,358218,2767.0360706981473,159687.85046750001
26921.28891089305,1200,5.362378406636281,0.0,620283,6550.911043724166,132403.08747874998
26922.51020867268,300,8.14108062700487,0.0,143881,1221.2977796314099,141418.77998624998
26928.372580218012,1200,6.27870908167275,0.0,670129,5862.37154533212,124153.791130125
26932.313244532485,750,6.338044767201595,0.0,401088,3940.6643144711556,104971.19113575
26935.601891530972,750,7.04939776871347,0.0,365161,3288.646998488125,115078.279266625
26938.69860538761,750,7.952683912074676,0.0,321064,3096.713856638794,116271.70518425
26944.09362424519,1200,6.557665054496298,0.0,575591,5395.018857578377,86292.087095
26948.148668648366,750,6.502620651321072,0.0,378327,4055.0444031752268,98307.9488605
26953.10386629045,750,5.547423009237235,0.0,390680,4955.197642083836,83677.74205075
26955.04524287228,300,7.606046427407154,0.0,147968,1941.3765818300803,83677.74205075
26961.435777233073,1200,5.215512066613706,0.0,641452,6390.534360793448,107881.96428575
26962.932627886385,300,7.718661413300773,0.0,145210,1496.8506533129328,107881.96428575
26969.230862334072,1200,5.420426965613251,0.0,634861,6298.234447687522,104415.23809525
26970.99082946697,300,7.66045983271694,0.0,167025,1759.96713289631,107538.46153849999
26977.555760283765,1200,5.095529015922811,0.0,638661,6564.93081679413,83523.327305625
26979.347399560218,300,7.3038897394697395,0.0,137507,1791.6392764530706,86329.5454545
26986.783443319142,1200,4.0,0.1321540194549307,550906,7436.04375892467,74628.32883062499

