8140.16351835489,750,4.0,4.034106319630938,450283,4034.106319630938,158031.66023125002
8141.279819693577,300,6.883698661312633,0.0,155580,1116.3013386873674,158031.66023125002
8143.410769636263,750,8.752748718627645,0.0,350812,2130.949942684988,237594.65020625002
8147.740561874161,1200,8.422956480728343,0.0,617681,4329.792237899301,143443.6201775
8151.702574934676,1200,8.460943420214026,0.0,652874,3962.013060514319,204379.310345
8154.31779485133,1200,9.845723503559155,0.0,520315,2615.2199166548717,244526.81388
8159.472673253136,1850,8.690845101752512,0.0,905515,5154.8784018066435,185505.1353875
8163.669373607014,1200,8.494144747875868,0.0,709534,4196.700353876642,238370.54631874998
8165.845133379688,1200,10.318384975200654,0.0,584846,2175.7597726752156,306691.87675125
8168.77946915208,1850,11.38404920280964,0.0,913888,2934.3357723910135,292971.10754375
8174.105105577985,2850,10.058412776904111,0.0,1354548,5325.636425905527,277434.58646625
8177.719519970568,1850,10.443998384320832,0.0,917428,3614.4143925832786,246194.32624125
8183.899620463715,2850,8.263897891174315,0.0,1422919,6180.100493146517,247784.313725
8189.04020254928,1200,7.123315805608257,0.0,687371,5140.582085566057,188404.29505125
8190.7081241895185,750,9.455394165370082,0.0,337059,1667.9216402381742,323346.69811375
8194.226943062968,1850,9.936575291921065,0.0,923170,3518.818873449017,309680.0
8197.721102893656,1850,10.442415461232473,0.0,966699,3494.1598306885912,303638.00905
8205.097661293481,2850,7.065857061407862,0.0,1358801,7376.55839982461,270058.6592175
8206.698146557572,750,9.465371797316777,0.0,405596,1600.485264091086,288328.94736875
8210.49384048908,1850,9.669677865809279,0.0,923755,3795.6939315074983,370578.842315
8214.091340283292,1850,10.072178071597111,0.0,891604,3597.4997942121677,271898.58490625
8217.555282794227,1850,10.608235560661587,0.0,955231,3463.942510935524,520044.1176475
8220.965839477407,2850,11.197678877480325,0.0,1505760,3410.556683181264,414398.081535
8224.7217830911,2850,11.441735263788177,0.0,1323990,3755.943613692149,293501.90114125004
8229.456368188085,2850,10.707150166803734,0.0,1383735,4734.5850969844405,389925.50790125004
8233.419373992232,2850,10.744144362655918,0.0,1480464,3963.0058041478164,486491.01796375
8236.718874748178,2850,11.444643606710619,0.0,1547572,3299.500755945298,487685.03937
8238.989898525993,2850,13.173619828894385,0.0,1141971,2271.0237778162327,583170.21276625
8243.37433893007,4300,12.789179424816368,0.0,2134614,4384.440404078016,447204.0816325
8249.349193030313,4300,10.814325324574162,0.0,2164140,5974.854100242205,221955.02248875
8255.2337018002,2850,8.929816554687243,0.0,1341201,5884.508769886919,363846.58040625
8259.198027591352,1850,8.965490763535426,0.0,954453,3964.325791151816,211618.61861875
8262.614858676183,1850,9.54865967870525,0.0,885062,3416.8310848301776,516789.91596625
8264.705834169716,1850,11.457684185171088,0.0,1035329,2090.975493534163,523985.33724374993
8268.075586317624,2850,12.087932037263561,0.0,1492672,3369.7521479075253,409678.30424
8273.10099108022,4300,11.062527274667435,0.0,2143948,5025.404762596126,425877.5981525
8276.008996578299,2850,12.154521776588139,0.0,1139291,2908.0054980792956,457770.35490625
8281.661626092697,4300,10.501892262189962,0.0,2147467,5652.629514398177,349894.4543825
8286.884001473869,2850,9.279516881018095,0.0,1427478,5222.375381171866,242880.19559875
8290.583033261884,1850,9.580485093003055,0.0,930577,3699.031788015039,239115.74697125
8294.123585534582,1850,10.039932820304605,0.0,858450,3540.5522726984505,223682.95454500002
8298.144204733342,1850,10.019313621545075,0.0,1025005,4020.619198759528,246002.86533
8301.31720542854,1850,10.846312926347185,0.0,886255,3173.0006951978908,355479.76878625
8306.799300897543,2850,9.364217457344509,0.0,1587250,5482.095469002677,253651.98237874996
8311.332061308038,1850,8.831457046848453,0.0,958994,4532.760410496055,211334.15233375
8316.655785593006,1850,7.5077327618807095,0.0,982064,5323.724284967743,228060.0
8319.702540220242,1200,8.460978134644535,0.0,538612,3046.754627236175,149315.78947375
8324.307429428573,1200,7.856088926314925,0.0,550906,4604.88920832961,137241.93548374998

