19663.75465324632,750,4.0,6.619212714537035,450283,6619.212714537035,77343.537415
19665.865615590574,300,5.8890376557490836,0.0,155580,2110.9623442509164,90712.079426375
19671.239633427933,750,4.515019818387926,0.0,350812,5374.017837361158,70742.88670462501
19673.548350909157,300,6.20630233716257,0.0,155432,2308.7174812253556,92532.923076875
19679.712394881466,750,4.042258364856769,0.0,411561,6164.043972305801,46537.1841155
19682.364011643418,300,5.3906416029054425,0.0,126289,2651.616761951326,81563.60500212501
19684.422383711335,300,7.332269534989455,0.0,153295,2058.372067915988,81563.60500212501
19693.6863027392,1200,4.0,1.9316494928736592,709534,9263.919027863114,89049.906716375
19695.32393809499,300,6.362364644209113,0.0,150710,1637.6353557908872,102533.068783125
19699.54565763536,750,6.140645103837113,0.0,362795,4221.719540372,126919.1063175
19702.31959359139,750,7.3667091478086055,0.0,353220,2773.935956028507,100442.87158749999
19708.154057306525,1200,5.5322454326723465,0.0,594078,5834.463715136259,135400.29761875
19709.665616109673,300,8.02068662952304,0.0,160746,1511.558803149306,115216.99196325
19714.714525054744,1200,6.971777684451686,0.0,687371,5048.9089450713545,165346.62327125
19717.391615759512,750,8.294686979686336,0.0,337059,2677.09070476535,132180.03273375
19721.89047646845,1200,7.795826270747613,0.0,587876,4498.860708938723,126411.11923875
19726.828702049053,1200,6.857600690139745,0.0,617242,4938.225580607867,148219.73466
19730.03155483724,750,7.654747901955896,0.0,372963,3202.852788183849,103940.28169012499
19737.165763769728,1200,4.520538969466024,0.0,639204,7134.208932489872,98032.329988875
19738.83169309171,300,6.854609647485124,0.0,140881,1665.929321980901,91771.44324600001
19744.70632472269,750,4.9799780165011525,0.0,386472,5874.631630983971,54470.403022624996
19747.521573501796,300,6.1647292373962745,0.0,157812,2815.248779104878,62760.185491874996
19754.224489720626,750,4.0,0.5381869814306246,401853,6702.916218826899,86240.872451375
19755.9846553225,300,6.239834398125795,0.0,137654,1760.1656018742053,86240.872451375
19759.55038939651,750,6.674100324115789,0.0,359903,3565.734074010006,116594.038325
19762.408268473017,750,7.816221247607787,0.0,379700,2857.8790765080007,147368.82453125
19769.707376730803,1200,4.517112989821832,0.0,696376,7299.108257785956,76633.064516125
19771.40716197081,300,6.8173277498159175,0.0,111155,1699.7852400059137,68644.196951875
19777.38159162667,750,4.842898093956411,0.0,400396,5974.429655859507,80245.865970375
19779.36456785901,300,6.859921861613302,0.0,149029,1982.9762323431084,95727.9752705
19783.640990715936,750,6.5834990046901565,0.0,358218,4276.422856923145,85899.25373137499
19788.444795300256,750,5.77969442036778,0.0,400322,4803.804584322377,92519.831223625
19792.402044765357,750,5.82244495526621,0.0,369834,3957.249465101569,93816.885339375
19796.950371443727,750,5.274118276898061,0.0,412837,4548.326678368149,85466.25
19799.198022862514,300,7.026466858110517,0.0,179328,2247.6514187875437,89185.05338075
19805.02786640274,750,5.196623317885504,0.0,365161,5829.8435402250125,70932.50183425
19807.070289540476,300,7.1542001801449135,0.0,131610,2042.4231377405908,69950.443787
19812.815244843165,750,5.409244877456364,0.0,361565,5744.95530268855,82215.63682225
19814.73502105795,300,7.489468662674523,0.0,144254,1919.7762147818407,84571.360381875
19822.62264614941,1200,4.0,0.398156428790553,587506,7887.6250914650755,74742.35104675
19824.70883806989,300,5.91380807952266,0.0,147968,2086.191920477341,83497.719209375
19829.934063212862,750,4.688582936547503,0.0,384505,5225.225142975157,78586.26865675
19832.337618168578,300,6.285027980834278,0.0,145210,2403.554955713225,62261.36007525
19840.087942395792,750,4.0,1.4652962463786043,438281,7750.324227212883,65318.736539875
19843.68540477192,300,4.4025376238712015,0.0,167025,3597.462376128798,39385.400314
19848.201150392102,300,4.0,0.11320799631210048,160064,4515.745620183302,34551.341890375
19852.437575165408,300,4.0,0.2364247733039001,137507,4236.4247733039,85790.8782145
19853.97056978214,300,6.467005383266284,0.0,118421,1532.9946167337157,85790.8782145

