17737.810412040533,750,4.0,4.594934407378574,450283,4594.934407378574,181267.4933575
17738.793874752017,300,7.016537288516239,0.0,155580,983.462711483761,181267.4933575
17741.420825569712,750,8.38958647082037,0.0,350812,2626.950817695868,152537.6486125
17748.120739735066,1200,5.689672305466159,0.0,617681,6699.914165354211,125559.74025999999
17752.727626132815,750,5.0827859077162545,0.0,411561,4606.886397749904,83048.7276665
17754.52995748653,300,7.280454554000319,0.0,126289,1802.3313537159356,70943.416757375
17763.90645315896,1200,4.0,2.096041118428392,561791,9376.495672428711,40446.125750125
17768.02212454238,300,4.0,0.1156713834203656,173849,4115.671383420366,51701.475912
17770.72737872697,300,5.294745815411816,0.0,150710,2705.2541845881838,85802.604166625
17772.40540457969,300,7.616719962689351,0.0,139105,1678.0258527224646,124612.5
17777.488817035974,1200,6.533307506407193,0.0,607410,5083.412456282157,125037.960955
17781.165113388768,750,6.857011153610105,0.0,405134,3676.296352797089,103297.992794625
17785.825609926385,750,6.196514615995437,0.0,386351,4660.496537614667,74354.4995795
17790.421781428617,750,5.600343113762476,0.0,434409,4596.171502232961,98175.062344125
17794.731009766638,750,5.291114775739384,0.0,337059,4309.228338023093,71629.268292625
17798.00273487171,300,6.019389670670961,0.0,138313,3271.7251050684226,44908.4986675
17808.87164012684,750,4.0,4.849515584458691,360831,10868.905255129652,35563.69623375
17813.078371163527,300,4.0,0.2067310366897018,150616,4206.731036689702,38521.6836735
17818.20607688828,300,4.0,1.1277057247522535,165384,5127.705724752253,32570.182094125
17821.838111683293,300,4.36796520498674,0.0,140881,3632.0347950132596,55171.456248
17824.204084602185,300,6.001992286095842,0.0,157671,2365.972918890898,129156.79190750001
17827.38034269491,750,6.825734193370323,0.0,399894,3176.2580927255185,134079.94186
17830.709117224,750,7.496959664277141,0.0,401853,3328.774529093182,135654.17488500001
17837.21121186511,1200,4.99486502316788,0.0,536667,6502.094641109261,94023.29360774999
17838.442183345007,300,7.763893543267008,0.0,146754,1230.9714799008723,158568.28597625
17842.248728456252,1200,7.957348432023029,0.0,590335,3806.545111243978,159200.97561
17846.865209244937,1200,7.34086764333823,0.0,696376,4616.480788684799,173064.3863175
17850.02050274674,1200,8.185574141537975,0.0,487160,3155.293501800256,172905.74121625
17854.17496318361,1200,8.03111370466625,0.0,622896,4154.460436871725,164939.43662
17858.371771142625,1200,7.834305745651948,0.0,641447,4196.807959014302,170669.4560675
17861.363432520324,1200,8.84264436795523,0.0,570392,2991.6613776967183,203784.38661750001
17867.31391503902,1850,6.89216184925469,0.0,954453,5950.48251870054,141335.37331750002
17869.932577617426,750,8.273499270851058,0.0,369834,2618.6625784036323,175450.18116
17874.439956048172,1200,7.766120840106184,0.0,670129,4507.378430744874,169305.73951374998
17878.86850319189,1200,7.337573696385822,0.0,690253,4428.547143720362,176370.875995
17882.688673348053,1200,7.517403540225219,0.0,598727,3820.170156160603,155092.48055375
17885.891084070125,1200,8.31499281815483,0.0,487812,3202.4107220703904,182545.006165
17889.53707323383,1200,8.669003654446799,0.0,575591,3645.989163708032,171324.01157124998
17893.416373973036,1200,8.78970291524248,0.0,605884,3879.3007392043205,186946.64213375002
17896.90509844353,1200,9.300978444746901,0.0,587506,3488.724470495577,160482.5396825
17902.297559019036,1850,7.908517869239458,0.0,858450,5392.460575507443,152968.66607
17906.708315570344,1200,7.497761317932394,0.0,641452,4410.756551307065,100969.260954875
17911.313393009357,1200,6.892683878920154,0.0,599477,4605.077439012239,154700.43289999999
17913.832957082188,750,8.373119806088852,0.0,438281,2519.5640728313033,219262.357415
17917.680591578686,1200,8.525485309591927,0.0,630203,3847.6344964969253,88636.45224175
17923.955717171688,1200,6.250359716589511,0.0,638661,6275.125593002415,140200.4889975
17926.545540067473,750,7.660536820805161,0.0,331053,2589.8228957843494,127742.138365
17931.153080454074,1200,7.052996434204666,0.0,550906,4607.540386600495,157766.39815875

