3520.6016769655816,750,4.0,10.535228578788095,450283,10535.228578788096,126411.22213625
3521.9925239141144,300,6.609153051467327,0.0,155580,1390.8469485326723,91862.370724
3526.8323803043672,750,5.769296661214577,0.0,350812,4839.85639025275,61047.321428625
3531.4643483473255,750,5.137328618256553,0.0,382355,4631.968042958025,84770.714598875
3533.572062451105,300,7.029614514476618,0.0,163442,2107.7141037799347,90761.036468375
3538.4056806565973,750,6.195996308984463,0.0,318564,4833.618205492155,53783.660589
3545.2923949205797,750,4.0,0.6907179549979082,352642,6886.714263982371,41620.15503875
3549.667465649517,300,4.0,0.37507072893697385,173849,4375.070728936974,42827.052489875
3553.9521910295693,300,4.0,0.2847253800522667,150710,4284.725380052267,35969.837587
3557.002297541844,300,4.949893487725029,0.0,139105,3050.1065122749715,59316.29392975
3559.5046989691805,300,6.447492060388467,0.0,141840,2502.4014273365615,65712.40526525001
3566.859184039219,750,4.0,0.9069930096500056,405134,7354.485070038473,55400.673400625004
3569.4523002042265,300,5.406883834992952,0.0,160746,2593.1161650070485,68179.82155112499
3572.837501185943,300,6.021682853276135,0.0,179801,3385.2009817168164,57226.13065325
3580.0960477390972,750,4.0,1.2368636998782103,337059,7258.546553154346,82902.9326725
3581.932229660358,300,6.163818078739181,0.0,138313,1836.181921260819,82902.9326725
3585.8758158930214,750,6.220231846076206,0.0,360831,3943.586232662976,106195.19519525001
3589.742010522934,750,6.354037216163641,0.0,372963,3866.194629912565,74787.61398175001
3596.965442168236,750,4.0,0.8693944291385178,405596,7223.431645302158,45528.670069
3599.8600311471696,300,5.105411021066947,0.0,140881,2894.588978933052,59784.146740874996
3602.6233856508666,300,6.342056517369819,0.0,157671,2763.3545036971277,65704.94296575
3608.7796762575435,750,4.185765910692639,0.0,399894,6156.290606677181,84212.849436
3610.9293936915315,300,6.03604847670516,0.0,163927,2149.7174339874778,82384.7637415
3614.7090964653107,750,6.256345702926061,0.0,343800,3779.702773779099,104378.9411065
3618.9102307821427,750,6.055211386093988,0.0,359903,4201.134316832073,88067.31317737499
3626.270917452269,750,4.0,1.3054752840321315,379700,7360.68667012612,38050.627434
3631.000987410079,300,4.0,0.730069957809983,181901,4730.069957809983,43901.4742015
3633.8337512465346,300,5.167236163543971,0.0,111155,2832.763836456029,40298.815881125
3637.849455379459,300,5.151532030619564,0.0,153605,4015.704132924407,45778.777454375006
3641.343307939794,300,5.657679470284151,0.0,149029,3493.852560335414,51305.984294625
3650.0996600555072,750,4.0,3.0986726454290783,358218,8756.352115713229,30190.74930625
3655.5895730743255,300,4.0,1.4899130188178025,157488,5489.913018817802,40689.48545862499
3659.3917554146387,300,4.19781765968676,0.0,143881,3802.18234031324,40689.48545862499
3662.8758762642988,300,4.713696810026792,0.0,163444,3484.1208496599675,53491.666666625
3666.6870197766066,300,4.90255329771904,0.0,179328,3811.1435123077526,49586.779354
3669.08138370657,300,6.508189367755897,0.0,159914,2394.363929963143,81761.406844125
3675.860520736113,750,4.0,0.27094766178738156,321064,6779.137029543278,39573.307355125
3679.0031568598383,300,4.857363876274331,0.0,124011,3142.63612372567,44920.080142499995
3682.3946954420667,300,5.46582529404612,0.0,144254,3391.5385822282105,51666.958808125004
3685.5305219664074,300,6.329998769705265,0.0,149991,3135.826524340855,51666.958808125004
3690.719518469526,750,5.141002266586916,0.0,345516,5188.996503118348,76092.91747887501
3693.2944865384607,300,6.566034197652637,0.0,161857,2574.9680689342795,61539.06528725
3697.842789921087,750,6.017730815026494,0.0,372093,4548.3033826261435,116000.0
3703.047697023436,750,4.812823712677445,0.0,438281,5204.907102349049,81091.58512725
3705.210777839009,300,6.649742897104131,0.0,167025,2163.080815573314,84497.8805395
3713.515480441745,750,4.0,1.6549597056316352,393804,8304.702602735766,84599.27983537501
3715.3064194805643,300,6.209060961181003,0.0,137507,1790.9390388189963,84599.27983537501
3718.4560140217304,750,7.059466420014707,0.0,314107,3149.5945411662956,109309.352518

