998.9641182773269,750,4.0,6.3928079957343495,450283,6392.80799573435,165575.24271875
1000.0332058870657,300,6.93091239026107,0.0,155580,1069.0876097389298,165575.24271875
1004.23037167739,750,6.733746599936766,0.0,350812,4197.165790324304,78152.961082875
1007.3382640485106,750,7.62585422881631,0.0,382355,3107.892371120456,142215.12481625
1012.1657304700117,1200,6.798387807315195,0.0,652874,4827.466421501114,156361.87563750002
1014.7725081323384,750,8.191610144988463,0.0,318564,2606.7776623267323,88455.816275625
1019.8760386350345,1200,7.088079642292274,0.0,561791,5103.530502696189,146073.95751374998
1023.1108786918279,750,7.853239585498994,0.0,437162,3234.8400567932804,137820.27649750002
1027.2947925071778,1200,7.6693257701490065,0.0,584846,4183.913815349987,112410.022779
1032.5736554037514,1200,6.390462873575412,0.0,560821,5278.862896573594,126450.53380749999
1034.9699259756487,750,7.994192301678178,0.0,353220,2396.2705718972343,166649.92389625
1038.0671465211599,1200,8.896971756167044,0.0,594078,3097.220545511134,247736.19631874998
1047.6200871650383,1850,4.0,0.655968887711424,946851,9552.940643878468,93420.448332375
1049.5801005301696,300,6.039986634868638,0.0,179801,1960.0133651313615,142319.26751625
1051.9150662624954,750,7.705020902542731,0.0,337059,2334.965732325907,149508.9141
1055.8918989067474,1200,7.72818825829088,0.0,587876,3976.832644251852,181683.8842975
1059.8368851431906,1200,7.7832020218475755,0.0,617242,3944.9862364433043,175276.59574500003
1064.6935001777506,1200,6.92658698728752,0.0,581493,4856.615034560055,125814.18658499999
1067.6504331854537,750,7.9696539795844625,0.0,405596,2956.9330077030572,152677.50929375002
1071.2652390466214,1200,8.354848118416795,0.0,586839,3614.805861167667,158990.21526375003
1075.5668103901853,1200,8.053276774852803,0.0,601738,4301.571343563993,197548.991355
1079.1710040960074,1200,8.449083069030653,0.0,616206,3604.1937058221483,137615.67164125
1082.8152286975348,1200,8.804858467503236,0.0,656471,3644.224601527417,242326.31579
1088.0430801088228,1850,7.577007056215409,0.0,874175,5227.8514112878265,119782.22869625001
1094.9358803449163,1200,4.684206820121776,0.0,587236,6892.800236093633,86510.495757
1096.888947867904,300,6.731139297134098,0.0,153938,1953.067522987678,86510.495757
1100.6845350089297,750,6.9355521561084865,0.0,425781,3795.587141025612,139067.08975500002
1102.592993551984,750,9.027093613054141,0.0,277716,1908.4585430543445,181270.620945
1108.8168300529876,1850,6.803257112050445,0.0,972798,6223.836501003697,145887.8048775
1111.9128635542982,750,7.707223610740001,0.0,400508,3096.033501310444,130707.89473624999
1116.1950808922672,1200,7.42500627277104,0.0,570392,4282.21733796896,108373.650108
1128.1400735878385,1200,4.0,4.519986422800462,620283,11944.992695571502,38030.218826000004
1131.9017497001057,300,4.2383238877327765,0.0,143881,3761.6761122672233,42029.16235775
1135.4896729782417,300,4.650400609596882,0.0,163444,3587.923278135895,60697.19395625
1138.1681443225564,300,5.971929265282246,0.0,179328,2678.4713443146356,117472.0
1141.5440212262931,750,6.596052361545622,0.0,365161,3375.876903736624,115519.620253125
1144.6192549800749,750,7.520818607763924,0.0,321064,3075.2337537816984,150147.017045
1149.1546681075179,1200,6.985405480321149,0.0,575591,4535.413127442775,141642.630745
1151.9680753431944,750,8.171998244644406,0.0,378327,2813.4072356767433,131969.95708125
1155.990797214381,1200,8.149276373457973,0.0,587506,4022.7218711864343,176931.5895375
1158.8175202120053,1200,9.322553375833591,0.0,566904,2826.72299762438,251816.59388625
1163.8001072628208,1850,8.339966325018292,0.0,1025005,4982.5870508153,212249.354005
1167.0821646948812,1200,9.057908892957945,0.0,599477,3282.0574320603473,163140.56224875
1173.839494930386,1850,6.30057865745301,0.0,973972,6757.3302355049345,147053.70844000002
1177.1072731276963,750,7.03280046014296,0.0,398987,3267.7781973100505,151817.54385999998
1179.9310929554451,750,8.20898063239411,0.0,393804,2823.81982774885,149594.94584874998
1183.595794656558,1200,8.54427893128141,0.0,538612,3664.701701112702,143614.73684250002
1189.2968276962258,1200,6.843245891613548,0.0,550906,5701.033039667861,72532.035175875

