8518.061167534159,750,4.0,2.2982937896467757,450283,2298.2937896467756,202424.33234375002
8518.95020278776,300,7.11096474639953,0.0,155580,889.0352536004698,202424.33234375002
8520.597740854644,750,9.463426679517237,0.0,350812,1647.5380668822925,281293.5444575
8524.057396338427,1850,10.003771195733904,0.0,933276,3459.6554837833337,293249.6124025
8527.2924388,1850,10.768728734160936,0.0,996749,3235.0424615729685,357211.98156625
8531.055458204484,2850,11.005709329677291,0.0,1224260,3763.0194044836444,345897.19626125
8535.92338995124,2850,10.137777582920723,0.0,1388403,4867.931746756568,251393.35887625
8540.760145002343,1850,9.301022531818132,0.0,1060487,4836.755051102592,190285.3285325
8544.447233407294,1850,9.613934126865784,0.0,852833,3687.0884049523484,278271.4932125
8547.340339793482,1850,10.720827740679448,0.0,913888,2893.1063861863363,355226.64015875
8551.363938597699,2850,10.697228936462672,0.0,1354548,4023.598804216775,392723.6286925
8556.495571997775,2850,9.56559553638644,0.0,1519951,5131.633400076233,348532.73809500004
8559.640695977,1850,10.420471557161784,0.0,946851,3145.123979224656,344167.77408625
8564.591940004264,2850,9.469227529897402,0.0,1578343,4951.244027264383,321000.0
8568.297838208608,1850,9.763329325553073,0.0,821631,3705.898204344328,264467.24137875
8571.952378564867,1850,10.10878896929551,0.0,923170,3654.540356257563,331260.68376125
8575.101798030955,1850,10.959369503206698,0.0,966699,3149.419466088812,330026.5780725
8579.827452361544,2850,10.233715172617057,0.0,1358801,4725.654330589643,318014.0845075
8583.02060008089,1850,11.040567453271812,0.0,987708,3193.147719345243,331042.14559375
8587.633509625839,2850,10.427657908322967,0.0,1336050,4612.909544948847,345373.60179
8592.79174242792,2850,9.269425106240448,0.0,1415116,5158.23280208252,255528.10650875003
8596.552180152341,1850,9.508987381820225,0.0,955231,3760.437724420222,305010.63829750003
8599.737441770852,1850,10.323725763310165,0.0,968026,3185.2616185100596,347086.07594875
8602.579790959413,1850,11.481376574749605,0.0,874175,2842.3491885605595,373108.433735
8608.667115084334,2850,9.394052449828864,0.0,1383735,6087.324124920741,258180.5337525
8612.575478155799,1850,9.485689378363109,0.0,905935,3908.3630714657547,250468.9119175
8617.832937667963,1850,8.228229866200753,0.0,1076599,5257.459512162357,203542.64392375
8620.611650295616,1200,9.449517238547074,0.0,487160,2778.7126276536783,196823.17801625
8626.134195636021,1850,7.926971898141945,0.0,972798,5522.5453404051295,162625.558535
8631.934172598303,1200,6.126994935860444,0.0,641447,5799.9769622815,72554.37012724999
8636.17412555712,750,5.887041977043911,0.0,358218,4239.952958816534,85175.68152312501
8640.209342486674,750,5.851825047489378,0.0,400322,4035.216929554533,112421.05263162499
8644.955125517889,750,5.106042016275563,0.0,369834,4745.783031213815,57087.5454245
8647.92473491645,300,6.136432617712346,0.0,163444,2969.609398563216,62141.975308625006
8652.89918984892,750,5.16197768524185,0.0,401088,4974.454932470497,105148.30769225
8654.595178831696,300,7.46598870246626,0.0,159914,1695.9889827755906,103445.023148125
8660.817651693937,1200,5.243515840227021,0.0,487812,6222.472862239239,55473.230327000005
8663.203633757144,300,6.85753377701936,0.0,124011,2385.9820632076608,66816.7098445
8670.381073944156,750,4.0,0.3199064099910338,378327,7177.440187010394,114171.88498399999
8671.843947347534,300,6.5371265966220955,0.0,149991,1462.8734033779044,114171.88498399999
8675.286583395053,750,7.094490549102158,0.0,345516,3442.636047519937,101050.233644875
8678.694892735288,750,7.686181208867139,0.0,384505,3408.309340235018,174525.13369
8682.315885125456,1200,8.06518881869847,0.0,599477,3620.9923901686684,171126.04166625
8686.49325920939,1200,7.88781473476369,0.0,634861,4177.37408393478,182161.4349775
8690.069645955626,1200,8.311427988528246,0.0,630203,3576.3867462354433,185295.88607625
8693.749045811503,1200,8.632028132652286,0.0,638661,3679.399855875961,225221.81818125
8696.147852169863,1200,10.23322177429288,0.0,538612,2398.806358359405,253287.28606375
8699.685979448863,1850,10.695094495291738,0.0,846370,3538.1272790011435,250321.15677375

