3722.4547113210397,750,4.0,3.998697299309292,450283,3998.697299309292,125784.26551874999
3723.836689914127,300,6.61802140691262,0.0,155580,1381.9785930873804,125784.26551874999
3726.8815717530433,750,7.573139567996108,0.0,350812,3044.8818389165117,147661.12532
3736.177919227084,1200,4.0,1.7232079060449579,617681,9296.347474041066,42978.884196499996
3740.105977085362,300,4.07194214172186,0.0,163442,3928.05785827814,49320.9908735
3742.881295794888,300,5.296623432196295,0.0,126289,2775.3187095255657,49320.9908735
3745.235392668787,300,6.942526558297386,0.0,153295,2354.0968738989086,72869.83372925001
3751.1435027405732,750,5.034416486511232,0.0,437162,5908.110071786154,78151.043798625
3753.202655571408,300,6.975263655676554,0.0,150710,2059.1528308346788,93617.14975849999
3757.4860136168477,750,6.691905610236223,0.0,362795,4283.358045440331,74375.16930025
3761.754105108441,750,6.423814118643214,0.0,353220,4268.091491593009,125963.63636374999
3765.656646974221,750,6.521272252863299,0.0,405134,3902.5418657799155,96320.10409887499
3769.1690041138504,750,7.008915113233897,0.0,386351,3512.357139629402,138514.83781874998
3773.1654034643384,750,7.012515762745835,0.0,434409,3996.399350488062,92235.26343250001
3776.8762324380273,750,7.301686789056826,0.0,337059,3710.8289736890088,101503.996004
3783.127539052472,1200,5.050380174612031,0.0,587876,6251.306614444796,89823.326771625
3784.8893082620143,300,7.2886109650699265,0.0,143509,1761.7692095421041,89823.326771625
3791.09540988645,1200,5.082509340634392,0.0,581493,6206.101624435534,81248.69234425
3793.370302945067,300,6.80761628201717,0.0,165384,2274.893058617222,59406.114988375004
3800.12743962572,750,4.050479601364359,0.0,350713,6757.136680652811,56213.893967125
3803.1599031889323,300,5.018016038152162,0.0,157671,3032.4635632121976,56213.893967125
3805.6787789504633,300,6.4991402766207305,0.0,157812,2518.875761531431,68982.12689900001
3810.3396355870364,750,5.838283640047927,0.0,401853,4660.856636572803,96687.77056275001
3816.218959694438,750,4.0,0.041040467353921486,343800,5879.324107401849,71192.592592625
3818.468818792291,300,5.750140902147103,0.0,146754,2249.859097852897,71192.592592625
3822.4808571820763,750,5.738102512361966,0.0,379700,4012.0383897851366,79834.148728
3827.5379597331676,750,4.680999961270601,0.0,425781,5057.102551091365,124100.66666662501
3828.564017580355,300,7.654942114083052,0.0,111155,1026.0578471875488,118958.00144825
3834.2140953215917,1200,6.004864372846549,0.0,622896,5650.077741236503,144049.64539000002
3838.1822158246437,750,6.036743869794194,0.0,400508,3968.1205030523543,71717.761557125
3843.4641983054717,750,4.754761388966076,0.0,358218,5281.982480828119,61376.834381500004
3845.898015138941,300,6.320944555497015,0.0,157488,2433.81683346906,95090.40793824999
3849.199924216742,750,7.019035477695764,0.0,369834,3301.909077801251,141729.97711625
3852.2787405849176,750,7.940219109520238,0.0,412837,3078.8163681755273,144584.0893225
3856.76801489595,1200,7.450944798487974,0.0,690253,4489.2743110322635,189491.66666625
3861.215575950158,1200,7.003383744280239,0.0,598727,4447.561054207736,115577.2482705
3863.8467841438437,750,8.372175550594354,0.0,321064,2631.208193685885,150036.4058875
3868.2028669202305,1200,8.01609277420748,0.0,575591,4356.082776386875,142767.153285
3873.0645968163144,1200,7.154362878123376,0.0,605884,4861.729896084104,151692.759295
3876.2816383136865,750,7.937321380751065,0.0,390680,3217.0414973723105,108596.572182
3881.4619989781345,1200,6.756960716302853,0.0,566904,5180.360664448212,125903.67553875002
3884.3435230769396,750,7.875436617498188,0.0,384505,2881.524098804665,144541.69976125
3888.5132673982544,1200,7.705692296182949,0.0,599477,4169.744321315238,172839.687195
3893.1481503300633,1200,7.070809364373779,0.0,634861,4634.882931809171,138766.32302375
3896.1512968244824,750,8.067662869954875,0.0,398987,3003.1464944189042,121195.88313412499
3903.291597594782,1200,4.927362099655126,0.0,638661,7140.300770299748,81727.74869112499
3905.2191538129414,300,6.99980588149643,0.0,137507,1927.5562181586965,78056.64687074999
3911.28873502089,750,4.930224673547726,0.0,314107,6069.581207948704,56838.6783285

