11930.22241446218,750,4.0,1.464606764188326,450283,1464.606764188326,360936.50793625
11930.756146399659,300,7.46626806252152,0.0,155580,533.7319374784803,360936.50793625
11932.573060273524,1200,9.649354188655263,0.0,571051,1816.9138738662568,330304.34782625
11935.718185044183,1850,10.50422941799797,0.0,933276,3145.124770657293,356723.25581375
11940.316023542862,2850,9.90639091931712,0.0,1472558,4597.838498680849,361050.30181125
11942.76095230553,1850,11.461462156648857,0.0,801058,2444.9287626682626,355425.78125
11948.285389152545,2850,9.937025309634516,0.0,1388403,5524.436847014342,316713.72549
11951.550962102754,1850,10.67145235942526,0.0,1060487,3265.5729502092554,351864.75409875
11956.025014625537,2850,10.197399836642475,0.0,1348011,4474.052522782787,318605.07246375
11960.376532742173,1850,9.845881720007052,0.0,913888,4351.518116635423,159941.66666625
11966.735602928244,1850,7.486811533935474,0.0,939819,6359.070186071578,203100.35419125
11969.1113670921,1200,9.111047370077802,0.0,594078,2375.7641638576724,306192.71623625
11973.049194713702,1850,9.173219748476262,0.0,946851,3937.827621601541,276469.2653675
11977.56257382714,1850,8.659840635038359,0.0,1036454,4513.3791134379035,211041.3859475
11980.214716362534,1200,10.007698099644239,0.0,526950,2652.1425353941204,281611.30137
11983.966016990333,1850,10.256397471845549,0.0,923170,3751.3006277986915,246321.01910875
11988.138998459579,1850,10.08341600259809,0.0,966699,4172.981469247457,246670.54263625
11992.022870928035,1850,10.19954353414424,0.0,885714,3883.87246845385,257093.75
11995.995960962506,1850,10.226453499672905,0.0,987708,3973.0900344713345,290460.202605
11999.681538738123,1850,10.540875724057402,0.0,923755,3685.577775615505,260371.69312125002
12004.837835713291,2850,9.384578748887666,0.0,1415116,5156.296975169735,263259.2047125
12008.545620469653,1850,9.676793992526456,0.0,955231,3707.7847563612104,267961.03896125
12012.245283589851,1850,9.977130872327514,0.0,968026,3699.663120198942,284067.46626625
12015.445591055764,1850,10.776823406415653,0.0,874175,3200.30746591186,309964.15094375
12020.704594210498,2850,9.51782025168125,0.0,1383735,5259.003154734402,224989.4332375
12026.758131262553,1850,7.464283199626224,0.0,905935,6053.537052055027,168995.92169625
12030.883743724506,1200,7.338670737674107,0.0,696376,4125.612461952117,190019.4986075
12033.515230659472,1200,8.707183802708787,0.0,487160,2631.48693496532,198063.4648375
12036.689123125578,1200,9.533291336602801,0.0,622896,3173.8924661059864,185746.39769500002
12044.945914753109,1850,5.276499709070391,0.0,975811,8256.79162753241,158573.92026625
12046.259410870829,300,7.963003591350671,0.0,157421,1313.4961177197197,115349.702381
12052.003451909823,1200,6.218962552357315,0.0,620283,5744.041038993356,94022.857142875
12055.260689397084,750,6.961725065096544,0.0,369834,3257.2374872607716,178183.92581125
12057.869278482132,750,8.3531359800488,0.0,412837,2608.589085047744,162916.74127125
12062.08682620473,1200,8.135588257450074,0.0,690253,4217.547722598725,203133.580705
12065.441066297723,1200,8.781348164456467,0.0,598727,3354.240092993606,189804.93537000002
12068.027706026236,1200,10.194708435943067,0.0,487812,2586.6397285134003,175435.53299500002
12074.155796143277,1850,8.066618318902194,0.0,938587,6128.090117040873,162614.45783125
12078.134541442101,1200,8.087873020077497,0.0,605884,3978.745298824697,159821.8435325
12081.815932550635,1200,8.406481911544226,0.0,587506,3681.3911085332697,174393.14516125002
12085.270665692291,1200,8.951748769888555,0.0,566904,3454.733141655672,145697.32142875
12102.506937455868,1850,4.0,8.28452299368916,1025005,17236.271763577715,32885.650678
12107.203203683985,300,4.0,0.6962662281171506,145210,4696.266228117151,48845.557976250006
12110.996561871434,300,4.206641812551896,0.0,172312,3793.3581874481033,48845.557976250006
12114.750869911326,300,4.4523337726602366,0.0,167025,3754.30803989166,47631.564772375
12119.235864087945,300,4.0,0.03266040395852724,160064,4484.994176618764,36145.26759825
12124.050751443856,300,4.0,0.8148873559107623,137507,4814.887355910762,32309.835839375002
12127.988823791553,300,4.061927652302872,0.0,118421,3938.072347697128,32309.835839375002

