26220.19339591822,750,4.0,5.693969597015465,450283,5693.969597015464,94877.607788625
26221.996732513395,300,6.1966634048252285,0.0,155580,1803.336595174772,104486.02287162501
26225.52218626098,750,6.671209657238485,0.0,350812,3525.4537475867423,109659.06932575
26229.36531218596,750,6.828083732255571,0.0,382355,3843.125924982915,107549.69461412501
26233.640471704788,750,6.552924213428134,0.0,411561,4275.159518827437,97147.406266
26237.007188922937,750,7.1862069952798215,0.0,318564,3366.717218148312,112344.05514074999
26240.299333171977,750,7.894062746240032,0.0,352642,3292.1442490397894,105075.949367125
26247.648441842415,1200,4.544954075805369,0.0,709534,7349.1086704346635,93265.07276512499
26249.427668313456,300,6.765727604763919,0.0,150710,1779.2264710414504,95662.790697625
26253.27267559121,750,6.920720327005419,0.0,362795,3845.0072777584987,104614.337568
26257.60321424958,750,6.590181668641249,0.0,353220,4330.53865836417,63874.341874375
26263.23909154478,750,4.954304373436778,0.0,405134,5635.877295204471,75504.887377875
26265.275822769898,300,6.917573148318163,0.0,160746,2036.7312251186147,89120.463709625
26270.029846631063,750,6.1635492871526685,0.0,434409,4754.023861165495,80245.006115
26274.49083012077,750,5.702565797449763,0.0,337059,4460.983489702906,78537.54531325
26280.405446985103,750,4.0,0.21205106688469733,366214,5914.61686433446,70792.298238375
26282.452938716742,300,5.95250826835969,0.0,143509,2047.4917316403096,85451.49555375
26286.973279095015,750,5.432167890087165,0.0,372963,4520.340378272525,101104.142011875
26288.795147449327,300,7.610299535778959,0.0,165384,1821.8683543082052,97466.19411125
26297.13955004072,1200,4.0,0.7341030556147771,586839,8344.402591393737,59791.634392
26300.477615302287,300,4.661934738430456,0.0,157671,3338.0652615695444,47717.391304375
26304.287978538996,300,4.851571501720555,0.0,157812,3810.363236709901,40720.074091250004
26308.133611824487,300,5.005938216232265,0.0,163927,3845.6332854882894,59302.6883505
26310.532403012017,300,6.6071470286996865,0.0,137654,2398.7911875325785,91015.73151550001
26314.405191631995,750,6.734358408723288,0.0,359903,3872.788619976398,96719.2445125
26318.474241527747,750,6.66530851297158,0.0,379700,4069.049895751708,135195.5260975
26322.82238746787,750,6.317162572850862,0.0,425781,4348.1459401207185,78977.938056875
26326.160583974306,750,6.978966066413395,0.0,277716,3338.196506437467,90444.794952625
26331.265146249938,750,5.87440379078036,0.0,400396,5104.562275633034,77634.01815574999
26339.604567712704,750,4.0,2.4650176719859545,400508,8339.421462766315,35750.151607
26344.822971277255,300,4.0,1.2184035645496278,157421,5218.403564549628,31772.653534125
26349.58173438535,300,4.0,0.7587631080950686,157488,4758.763108095069,32987.887324
26354.08168990096,300,4.0,0.4999555156088745,143881,4499.9555156088745,51675.853804624996
26357.483856785,300,4.5978331159573065,0.0,163444,3402.1668840426933,77351.090604
26360.00424016312,300,6.077449737837075,0.0,179328,2520.3833781202325,77351.090604
26365.541999169873,750,4.539690731086905,0.0,365161,5537.75900675017,73341.238938
26367.51093429166,300,6.570755609301232,0.0,131610,1968.935121785673,73341.238938
26370.715157288265,750,7.366532612695433,0.0,361565,3204.222996605799,139509.35550874998
26374.440246526374,1200,7.641443374582979,0.0,605884,3725.089238112455,199259.70664375002
26379.930154680653,1200,6.151535220305272,0.0,587506,5489.908154277707,150009.3095425
26382.060549643378,750,8.02114025758012,0.0,345516,2130.3949627251523,215183.16268500002
26387.379609429725,1200,6.702080471233132,0.0,641452,5319.0597863469875,152251.1961725
26390.51042132242,750,7.5712685785385005,0.0,372093,3130.811892694632,100683.29718000001
26399.827589192784,1200,4.0,1.7458992918253897,634861,9317.16787036389,71466.187050375
26402.807053927074,300,5.020535265710796,0.0,167025,2979.4647342892035,43372.836719375
26406.053496545992,300,5.774092646792577,0.0,160064,3246.4426189182186,63812.0689655
26411.4079768707,750,4.41961232208607,0.0,331053,5354.480324706507,68314.499659625
26413.35322310654,300,6.474366086244694,0.0,118421,1945.2462358413754,58887.305270125

