14644.627497348336,750,4.0,3.791441730238546,450283,3791.441730238546,124332.320777625
14646.014543602909,300,6.6129537454278156,0.0,155580,1387.046254572185,157078.31900625
14648.204755974399,750,8.422741373937823,0.0,350812,2190.212371489992,194559.39342875002
14652.200834812584,1200,8.426662535753511,0.0,617681,3996.0788381843117,160333.33333375
14656.276593535606,1200,8.350903812731,0.0,652874,4075.7587230225104,217323.33333375
14658.390198452584,1200,10.237298895752897,0.0,520315,2113.604916978103,365636.7924525
14661.622745573362,1850,11.00475177497464,0.0,905515,3232.547120778255,325698.36065625004
14670.345360358146,2850,6.282136990191966,0.0,1638769,8722.614784782674,150145.6903125
14672.665025623986,750,7.962471724350571,0.0,374758,2319.665265841395,156507.7399375
14675.15201827435,1200,9.475479073986515,0.0,560821,2486.992650364056,223238.64836375
14680.941210788418,1850,7.686286559918667,0.0,939819,5789.192514067848,131969.95708125
14684.751733317678,1200,7.875764030657876,0.0,594078,3810.5225292607915,224323.97959125
14689.819258626252,1200,6.8082387220847025,0.0,624282,5067.525308573174,134952.2792025
14694.411329582914,750,6.216167765422576,0.0,434409,4592.070956662125,94324.277456625
14698.459532837402,750,6.16796451093515,0.0,337059,4048.203254487428,90584.428223875
14702.588208137544,750,6.039289210793454,0.0,366214,4128.6753001416955,98752.009184875
14705.588847822852,750,7.038649525485433,0.0,360831,3000.6396853080205,132104.06504125
14708.44862912632,750,8.178868222017407,0.0,372963,2859.7813034680266,131198.81305625002
14712.560798113243,1200,8.066699235093584,0.0,639204,4112.1689869238235,203412.73584875
14716.601046654714,1200,8.026450693623337,0.0,586839,4040.248541470246,117922.02618100001
14721.198960003218,1200,7.428537345119399,0.0,601738,4597.913348503938,165041.1290325
14724.366618828373,1200,8.260878519963965,0.0,616206,3167.6588251554326,215348.03149625
14728.362063977953,1200,8.265433370383608,0.0,656471,3995.4451495803587,169615.78947375
14731.54713541935,1200,9.08036192898573,0.0,536667,3185.071441397879,180601.10803375
14738.533064825078,1850,6.094432523257747,0.0,897976,6985.929405727982,147353.30948125
14742.29267312687,750,6.334824221465897,0.0,379700,3759.608301791849,96632.295719875
14746.86857573039,750,5.7589216179455285,0.0,425781,4575.902603520369,93580.278129
14749.92403385337,750,6.703463494967868,0.0,277716,3055.458122977661,98386.27450975
14753.926130514512,750,6.701366833824417,0.0,400396,4002.09666114345,139664.29699874998
14757.358985399207,750,7.268511949129275,0.0,400508,3432.854884695141,168221.02649000002
14762.852261230177,1200,5.7752361181604375,0.0,570392,5493.275830968838,92933.29938899999
14767.740917104484,750,4.886580243851653,0.0,400322,4888.655874308784,87214.108910875
14769.51354654458,300,7.113950803756679,0.0,143881,1772.629440094974,107655.17241375
14774.576213973523,750,6.051283374811502,0.0,412837,5062.667428945178,109462.95162275
14780.019536094956,750,4.607961253378557,0.0,401088,5443.322121432945,72067.96875
14782.319309383416,300,6.3081879649175665,0.0,159914,2299.77328846099,77345.69138275001
14787.86140708967,750,4.766090258664418,0.0,321064,5542.097706253148,68299.02912625
14789.938836105117,300,6.688661243215583,0.0,124011,2077.4290154488344,58201.6286645
14798.834614826068,750,4.0,2.2071174777352773,378327,8895.77872095086,40562.25087925
14802.543715822629,300,4.290899003440603,0.0,149991,3709.100996559397,51953.112147
14805.538223068752,300,5.296391757316927,0.0,147968,2994.5072461236755,90628.01678912499
14807.49759099794,300,7.337023828127733,0.0,161857,1959.3679291891951,124756.116208
14812.950909876594,1200,5.883704949474061,0.0,599477,5453.318878653671,110701.48247974999
14817.434881574123,750,5.39973325194488,0.0,438281,4483.971697529181,123402.995720375
14819.29231973058,300,7.542295095487059,0.0,167025,1857.4381564578212,97123.729826625
14824.372646722253,1200,6.461968103815155,0.0,638661,5080.326991671904,111212.72554599999
14826.94996015968,750,7.884654666388056,0.0,331053,2577.3134374270994,224601.5625
14831.174721323408,1200,7.659893502659028,0.0,550906,4224.761163729028,129574.1088175

