7134.418457951483,750,4.0,2.54228302815134,450283,2542.28302815134,215649.10432
7135.257878778058,300,7.160579173426026,0.0,155580,839.4208265739742,215649.10432
7136.657439156696,750,9.761018794787974,0.0,350812,1399.56037863805,303471.7477
7140.811108410837,1850,9.607349540646439,0.0,933276,4153.669254141536,286584.84848499997
7144.861306986139,1850,9.557150965344485,0.0,996749,4050.1985753019544,304577.60314375
7148.669917757791,1850,9.74854019369183,0.0,801058,3808.610771652652,114247.268545125
7161.87987102658,1850,4.0,3.461413075096516,905515,13209.953268788347,43910.776075125
7165.756189596369,300,4.123681430211037,0.0,173849,3876.318569788963,57055.50177475
7168.364842396983,300,5.515028629596822,0.0,150710,2608.6528006142153,82322.556391
7169.8888900729335,300,7.990980953645985,0.0,139105,1524.0476759508365,129598.85204125
7175.377595437969,1200,6.502275588610487,0.0,607410,5488.705365035498,89578.26343762499
7179.662401481018,750,6.217469545562142,0.0,405134,4284.806043048346,130498.14814875
7182.634569876736,750,7.24530114984335,0.0,386351,2972.168395718792,161042.4128175
7187.872737601097,1200,6.007133425483093,0.0,687371,5238.167724360257,126106.6302125
7190.371804330046,750,7.508066696533398,0.0,337059,2499.066728949694,159328.18532875
7194.714805944693,1200,7.165065081887639,0.0,587876,4343.001614645759,123799.57204
7198.19974161858,750,7.680129407999654,0.0,360831,3484.9356738879856,133997.87835875
7203.150334011572,1200,6.729537015007427,0.0,581493,4950.592392992226,122629.1172595
7206.391830117518,750,7.488040909061316,0.0,405596,3241.496105946111,133872.37354125
7210.2761333692915,1200,7.603737657288534,0.0,586839,3884.3032517727825,188053.1220875
7214.906873696822,1200,6.972997329758018,0.0,601738,4630.740327530516,129257.1743925
7218.243850677056,750,7.636020349523313,0.0,399894,3336.9769802347046,108155.42522
7224.085763040314,1200,5.794107986265279,0.0,656471,5841.912363258034,119964.05877675
7227.182456044305,750,6.6974149822749585,0.0,343800,3096.69300399032,119964.05877675
7229.919264516937,750,7.9606065096433305,0.0,359903,2736.808472631628,179662.6506025
7234.030974905443,1200,7.8488961211367165,0.0,590335,4111.7103885066135,166865.60693625
7237.754507261837,1200,8.125363764743314,0.0,696376,3723.5323563934026,207692.8034375
7240.9396542272325,1200,8.940216799347699,0.0,487160,3185.1469653956174,105383.0818965
7247.42310718578,1850,6.456763840799729,0.0,972798,6483.452958547969,300622.26277375
7249.039798313291,750,8.840072713288718,0.0,400508,1616.6911275110112,235899.6415775
7252.153453393373,1850,9.726417633206474,0.0,873429,3113.6550800822447,198524.2334325
7255.054746124067,1850,10.825124902512748,0.0,954453,2901.2927306937277,355308.66426
7259.772850744665,2850,10.107020281913716,0.0,1358081,4718.104620599032,244793.696275
7264.621899385076,1850,9.257971641503667,0.0,1035329,4849.048640410049,223542.7952325
7270.0296654451595,1850,7.850205581420831,0.0,1026056,5407.766060082836,78338.77551025
7274.838293131514,1200,7.041577895066898,0.0,598727,4808.627686353933,174462.04311124998
7276.692474247999,750,9.187396778581785,0.0,321064,1854.1811164851126,174115.38461500002
7286.23924494708,1850,4.0,0.3593739204995345,938587,9546.77069908132,144619.1983125
7287.41842359477,300,6.820821352309678,0.0,144254,1179.1786476903217,141690.2601325
7290.2933938172955,750,7.945851129784496,0.0,390680,2874.9702225251826,155821.13821124999
7295.388282243236,1200,6.850962703843726,0.0,566904,5094.88842594077,225450.4896625
7297.263541618671,750,8.975703328408091,0.0,384505,1875.259375435635,225450.4896625
7301.457974293515,1850,8.78127065356443,0.0,886255,4194.4326748436615,204192.74977874997
7304.362137545153,1200,9.877107401926759,0.0,634861,2904.163251637671,242424.28035
7309.952594822633,1850,8.286650124446535,0.0,958994,5590.4572774802255,238461.6419925
7312.333561176305,1200,9.905683770775289,0.0,638661,2380.966353671245,292839.11671875004
7315.793792941817,1850,10.445452005263235,0.0,830730,3460.231765512055,265633.6405525
7320.939663093749,2850,9.299581853330741,0.0,1364537,5145.870151932493,188857.80669124998

