2942.2050387643694,750,4.0,2.566216384271528,450283,2566.216384271528,197349.08389625
2943.1148800680094,300,7.0901586963599605,0.0,155580,909.8413036400393,197349.08389625
2944.546682579147,750,9.658356185222619,0.0,350812,1431.802511137342,320752.7777775
2947.6783300050856,1850,10.526708759283553,0.0,933276,3131.647425939068,333590.82892375
2952.3714783894247,2850,9.833560374944314,0.0,1472558,4693.148384339237,285019.03114125
2955.125176879221,1850,11.07986188514838,0.0,801058,2753.698489795934,352485.71428624995
2959.7590894330046,2850,10.445949331364401,0.0,1388403,4633.912553783979,278811.61473125
2967.1729823922856,2850,7.032056372083303,0.0,1638769,7413.892959281099,258030.8823525
2968.702413263798,750,9.502625500570373,0.0,374758,1529.430871512929,270845.61403500004
2972.351450773439,1850,9.853587990929547,0.0,913888,3649.037509640827,251911.4658925
2976.109254836395,1850,10.095783927973441,0.0,939819,3757.804062956106,287333.33333375
2980.122868897125,1850,10.082169867243387,0.0,917428,4013.6140607300554,208585.36585375
2985.0743345391425,1850,9.130704225225985,0.0,946851,4951.465642017401,196238.90785000002
2990.545737756592,1850,7.659301007776274,0.0,1036454,5471.4032174497115,209229.00763374998
2993.6049728343064,1200,8.600065930062271,0.0,526950,3059.235077714001,148833.4841625
3000.363539266938,1200,5.841499497430925,0.0,587876,6758.566432631347,81587.628866
3003.9109219666498,750,6.294116797719417,0.0,360831,3547.382699711508,140422.6579525
3006.9309107365602,750,7.274128027808625,0.0,372963,3019.9887699107917,114813.6227545
3013.836161051657,1200,4.36887771271216,0.0,639204,6905.250315096465,81521.349274125
3015.5444805634484,300,6.660558200920919,0.0,140881,1708.3195117912412,92279.76190475
3019.1842950320533,750,7.020743732316074,0.0,386472,3639.814468604845,116369.64980550001
3021.944659820685,750,8.260378943683943,0.0,399894,2760.3647886321296,200885.74317499998
3025.8112630624455,1200,8.393775701923857,0.0,656471,3866.603241760086,205013.27885625002
3028.5914625210853,1200,9.61357624328383,0.0,536667,2780.1994586400274,208948.4732825
3032.893920525675,1850,9.311118238694005,0.0,897976,4302.458004589826,202801.11111124998
3036.9610127187766,1850,9.24402604559263,0.0,905935,4067.0921931013772,193725.6235825
3043.0858371863105,1850,7.1192015780591165,0.0,1076599,6124.824467533513,183007.28407875
3044.8213457816587,750,9.383692982710599,0.0,277716,1735.508595348516,172803.67504874998
3050.8457540609415,1850,7.359284703427432,0.0,972798,6024.408279283168,163710.1710175
3055.841310171766,1200,6.363728592602912,0.0,641447,4995.55611082452,104321.40691325
3061.526060263246,750,4.678978501122971,0.0,358218,5684.75009147994,100388.557213875
3063.257412237078,300,6.94762652729113,0.0,157488,1731.351973831841,100388.557213875
3066.143243017061,750,8.061795747307935,0.0,369834,2885.830779983195,161515.58073625
3070.2855658984186,1200,7.919472865950532,0.0,670129,4142.322881357403,186833.83991875
3075.7062955103975,1200,6.498743253971563,0.0,690253,5420.729611978969,165114.45783125
3078.2358946977915,750,7.969144066577402,0.0,365161,2529.59918739416,144019.00070375
3082.2897430615703,1200,7.915295702798311,0.0,487812,4053.8483637790923,128372.4291275
3086.8674832264696,1200,7.337555537899186,0.0,575591,4577.7401648991245,144515.6950675
3092.7690248108916,1200,5.436013953477304,0.0,605884,5901.541584421881,99486.775178
3094.285633640059,300,7.919405124309715,0.0,149991,1516.6088291675899,121271.04722787501
3100.416778661617,1200,5.788260102751994,0.0,566904,6131.145021557721,216135.040745
3103.096101239832,750,7.108937524536808,0.0,384505,2679.3225782151853,162980.92643
3105.801575947716,750,8.403462816652603,0.0,372093,2705.4747078842056,151892.96636125
3112.2870341228695,1200,5.918004641499524,0.0,634861,6485.458175153078,85589.765458375
3117.614689482604,750,4.59034928176515,0.0,398987,5327.6553597343745,111837.58937687501
3119.2355492408883,300,6.969489523480935,0.0,160064,1620.8597582842135,104264.23807075
3122.3434315257023,750,7.861607238666965,0.0,331053,3107.8822848139707,126342.10526375001
3128.687863548556,1200,5.517175215813187,0.0,550906,6344.432022853778,84666.340029375

