4284.927242885315,750,4.0,1.5985734190571195,450283,1598.5734190571195,230462.8378375
4285.717849517557,300,7.209393367758037,0.0,155580,790.6066322419633,230462.8378375
4288.359280617188,1200,8.567962268125987,0.0,571051,2641.43109963205,211353.94126750002
4291.328378010242,1200,9.598864875072275,0.0,617681,2969.0973930537116,209266.23376625
4295.248275858081,1850,9.678967027233842,0.0,996749,3919.897847838432,356199.62686625
4297.9629418330915,1850,10.964301052222483,0.0,801058,2714.6659750113604,302602.29885
4302.2441068226635,2850,10.683136062650581,0.0,1388403,4281.164989571902,287972.31270375004
4308.454058120563,2850,8.47318476475205,0.0,1638769,6209.951297898531,267461.05919
4310.747118744375,1200,10.180124140939443,0.0,584846,2293.0606238126074,283458.80452375
4313.742453204588,1850,11.184789680726855,0.0,913888,2995.3344602125876,331205.27307
4319.133628503742,2850,9.793614381571947,0.0,1354548,5391.175299154907,284635.36776249995
4322.684979343486,1850,10.242263541828523,0.0,917428,3551.3508397434252,308912.54752875003
4326.739879001536,1850,10.187363883779438,0.0,946851,4054.8996580490834,268682.24299125
4330.634085979603,1850,10.29315690571211,0.0,1036454,3894.20697806733,323732.8125
4332.824600370484,1850,12.10264251483099,0.0,821631,2190.5143908811183,159670.87378625
4342.452848795082,4300,6.47439409023295,0.0,2152483,9628.24842459804,225334.30232500003
4344.198381016198,750,8.728861869117178,0.0,360831,1745.532221115773,229125.1738525
4346.657481447486,1200,10.269761437829121,0.0,581493,2459.100431288056,238220.62350125
4350.532286686927,1850,10.394956198388012,0.0,987708,3874.805239441109,245235.78363375002
4353.957586128225,1850,10.969656757090187,0.0,923755,3425.299441297827,301502.98210749996
4359.683400681661,2850,9.243842203654372,0.0,1415116,5725.814553435814,245743.69747875
4362.960987762178,1850,9.966255123136827,0.0,955231,3277.587080517545,367652.26337500004
4367.769277575658,1850,9.157965309657245,0.0,968026,4808.289813479584,113556.71537924999
4371.336553316021,1850,9.590689569293637,0.0,874175,3567.2757403636065,363691.33192375005
4374.45742316735,1850,10.469819717965562,0.0,897976,3120.8698513280765,215903.9370075
4382.21929483372,2850,6.707948051595528,0.0,1480464,7761.871666370034,185981.34011875
4384.50941754947,750,8.41782533584569,0.0,425781,2290.1227157498383,187925.619835
4387.159597731624,1200,9.76764515369113,0.0,487160,2650.1801821545596,242028.31858375002
4391.89927972128,1850,9.027963164034555,0.0,972798,4739.681989656576,205617.96246625
4396.988427318298,1850,7.93881556701716,0.0,975811,5089.147597017394,196882.2905625
4399.6014933952,1200,9.325749490115284,0.0,570392,2613.066076901876,228131.71577125
4403.651724725219,1850,9.275518160096421,0.0,954453,4050.2313300188634,257482.60869625
4407.4744620610045,1850,9.452780824310448,0.0,885062,3822.7373357859724,260027.74108374998
4411.012184779898,1850,9.91505810541663,0.0,1035329,3537.722718893818,344108.2164325
4414.775771997433,1850,10.151470887881544,0.0,1026056,3763.587217535088,310627.76660000003
4418.257025592924,1850,10.670217292390447,0.0,943942,3481.253595491096,247140.0
4422.792851175921,2850,10.134391709393961,0.0,1139291,4535.8255829964855,232692.63456125
4426.761112099973,1850,10.166130785342718,0.0,938587,3968.2609240512443,286638.57374375
4430.207792010902,1850,10.719450874413115,0.0,908665,3446.6799109296026,263435.71428625
4436.069843090619,2850,8.857399794696779,0.0,1402287,5862.051079716335,308557.22326500004
4439.663683975614,1850,9.263558909701633,0.0,858450,3593.840884995146,231972.45509
4444.331877708963,1850,8.595365176353207,0.0,1025005,4668.193733348425,227441.59178375002
4446.756464643103,1200,10.170778242212085,0.0,599477,2424.586934141122,243339.73412125002
4451.389630088711,1850,9.537612796604447,0.0,973972,4633.165445607638,213936.416185
4455.271722434449,1850,9.655520450866952,0.0,958994,3882.092345737495,216642.8571425
4459.32203263606,1850,9.605210249256459,0.0,982064,4050.310201610492,308578.57142875
4463.352260886991,1850,9.574981998325272,0.0,830730,4030.228250931186,174905.0880625
4469.256476361461,1850,7.670766523854501,0.0,846370,5904.215474470772,181309.27834999998

