6379.129075889882,750,4.0,3.666539248000215,450283,3666.5392480002147,192160.56338
6380.061323708957,300,7.067752180926023,0.0,155580,932.2478190739762,192160.56338
6383.035727820028,750,8.093348069854693,0.0,350812,2974.4041110713297,107564.974382875
6387.79599795919,1200,7.333077930692993,0.0,617681,4760.2701391617,164984.64163875
6392.023139037365,1200,7.105936852517736,0.0,652874,4227.1410781752575,126760.20738874999
6394.503056693455,750,8.626019196428445,0.0,318564,2479.9176560892915,219199.77037875
6397.447855571682,1200,9.681220318199745,0.0,561791,2944.798878228699,174513.77118625
6403.465685685368,1850,7.663390204514389,0.0,1060487,6017.830113685355,269997.03264125
6407.23253296974,1200,7.896542920143402,0.0,584846,3766.8472843709874,120037.338764375
6413.722752479201,1200,5.40632341068252,0.0,560821,6490.219509460881,101464.43298975
6415.595708717329,300,7.533367172553153,0.0,141840,1872.9562381293672,82536.5355135
6421.050922454306,1200,6.078153435576753,0.0,594078,5455.2137369764005,174428.21782125
6423.288564587172,750,7.840511302710444,0.0,386351,2237.6421328663096,203411.90476250002
6427.813718061861,1200,7.315357828021265,0.0,687371,4525.153474689178,138926.20481875
6431.792110576048,1200,7.336965313835402,0.0,526950,3978.3925141858626,134560.06120875
6436.296316299933,1200,6.832759589950181,0.0,587876,4504.205723885221,107228.636106375
6442.185158462522,750,4.943917427361751,0.0,360831,5888.84216258843,43399.202127625
6445.983721157813,300,5.1453547320703885,0.0,150616,3798.5626952913626,38339.376054
6450.5823075789785,300,4.546768310905547,0.0,165384,4598.586421164841,41878.7401575
6454.203383287463,300,4.925692602420411,0.0,140881,3621.075708485136,41878.7401575
6456.933713760061,300,6.195362129822819,0.0,157671,2730.330472597592,71738.427947625
6460.751978187537,750,6.377097702346893,0.0,399894,3818.264427475927,109125.58764275
6464.555810991597,750,6.573264898286789,0.0,401853,3803.832804060104,147502.91909875
6467.356757069041,750,7.772318820843071,0.0,343800,2800.946077443717,139912.78375124998
6471.784053488975,1200,7.3450224009095315,0.0,587236,4427.296419933539,140231.93916375
6475.6988013343525,1200,7.430274555532154,0.0,590335,3914.7478453773774,169966.36587375
6479.110241091677,1200,8.018834798207273,0.0,696376,3411.439757324882,229054.31754875
6481.644502855268,1200,9.484573034615783,0.0,487160,2534.261763591489,223076.672105
6486.5635743936555,1850,8.565501496228928,0.0,972798,4919.0715383868555,158245.14563125
6491.149521387374,1200,7.9795545025099255,0.0,641447,4585.946993719002,136350.043975
6495.345996075522,1200,7.783079814362235,0.0,570392,4196.47468814769,114659.424920125
6499.894996452192,1200,7.234079437692616,0.0,620283,4549.000376669619,153891.8918925
6503.979329323102,1200,7.149746566782167,0.0,584349,4084.3328709104485,136874.42218750002
6508.1573549749855,750,6.9717209148998665,0.0,412837,4178.025651882301,67022.097625375
6514.325111463725,750,4.803964426160792,0.0,401088,6167.7564887390745,71629.268292625
6516.921710014454,300,6.207365875431175,0.0,159914,2596.598550729617,62719.60297762499
6522.644495785261,750,4.484580104624703,0.0,321064,5722.785770806472,59240.3153925
6525.140417259133,300,5.988658630753078,0.0,124011,2495.9214738716246,40115.180265625
6534.203612926542,750,4.0,3.074537036656058,378327,9063.195667409136,50537.119195499996
6537.36501458376,300,4.838598342781862,0.0,149991,3161.401657218138,71615.785256375
6539.619895288009,300,6.583717638533502,0.0,147968,2254.8807042483604,71615.785256375
6548.645073268515,750,4.0,2.441460341973602,384505,9025.177980507104,46042.94661499999
6552.023910388611,300,4.621162879904303,0.0,145210,3378.837120095697,53384.217335
6555.501563509445,300,5.143509759069634,0.0,172312,3477.6531208346687,53384.217335
6558.514889767755,300,6.130183500758887,0.0,167025,3013.326258310747,61065.97222225
6563.848364039136,750,4.7967092293785365,0.0,393804,5333.474271380351,81718.46953237499
6565.699618583606,300,6.945454684908984,0.0,137507,1851.2545444695515,81718.46953237499
6569.019097376384,750,7.625975892130919,0.0,314107,3319.478792778066,88086.180520125

