27181.209401710694,750,4.0,7.229722006325715,450283,7229.722006325715,52838.485316875005
27183.69196967744,300,5.517432033254713,0.0,155580,2482.567966745287,92761.258482375
27185.94264765344,300,7.266754057251941,0.0,139857,2250.6779760027725,53330.67180612501
27199.33987991304,1200,4.0,6.130478202351271,617681,13397.232259603212,52085.229201999995
27201.620701316344,300,5.719178596695507,0.0,163442,2280.8214033044933,86239.417989375
27205.622201359012,750,5.717678554028467,0.0,318564,4001.500042667039,84292.71523175
27209.26866964199,750,6.071210271049121,0.0,352642,3646.4682829793464,130470.83626125
27212.53708047879,750,6.802799434253364,0.0,437162,3268.4108367957574,143095.69378
27215.354551702112,750,7.985328210927275,0.0,374758,2817.4712233260893,166356.42135625
27221.716333291864,1200,5.623546621174983,0.0,560821,6361.781589752292,135705.20622000002
27224.366761484613,750,6.973118428430928,0.0,353220,2650.4281927440543,146734.43983375002
27227.94272424814,750,7.397155664903257,0.0,405134,3575.962763527672,134270.80491125002
27234.031094277027,1200,5.308785636014923,0.0,624282,6088.370028888334,78979.22977062501
27236.626602530545,300,6.713277382495002,0.0,179801,2595.5082535199203,72974.66216212501
27241.96503773363,750,5.3748421794139425,0.0,337059,5338.43520308106,69659.22920887501
27244.13268709456,300,7.2071928184851135,0.0,138313,2167.649360928829,69969.69696975
27253.951004588067,1200,4.0,2.6111246750261707,617242,9818.317493511284,124238.383838375
27255.171916168358,300,6.779088419709154,0.0,150616,1220.9115802908452,148159.30902125
27259.09709397978,750,6.853910608287788,0.0,405596,3925.177811421366,80269.28343225
27264.23590021106,750,5.715104377004856,0.0,350713,5138.806231282932,64188.97929
27273.480767868892,750,4.0,3.5297632808233685,386472,9244.867657828225,35172.266567625
27276.157707466806,300,5.323060402082329,0.0,157812,2676.9395979176707,64987.584650125
27278.19968357517,300,7.281084293718875,0.0,163927,2041.9761083634548,94052.44956775
27285.848302591243,1200,4.0,0.3675347223498047,536667,7648.619016068679,106330.744336625
27287.30598997052,300,6.542312620720972,0.0,146754,1457.6873792790275,112952.06828625
27290.659938453984,750,7.188364137256272,0.0,379700,3353.9484834647005,133296.14438125002
27295.582005241387,750,6.266297349853663,0.0,425781,4922.066787402609,81412.7078385
27298.780611786864,750,7.06769080437636,0.0,277716,3198.6065454773034,104234.089897625
27302.53570838595,750,7.3125942052943715,0.0,400396,3755.0965990819873,125873.72013625
27309.863937693044,1200,4.0,0.015635101800551637,641447,7328.229307094924,68004.122497
27312.886078357857,300,4.977859335189416,0.0,157421,3022.140664810584,52838.485316875005
27314.93982708258,300,6.924110610462713,0.0,157488,2053.7487247267027,92761.258482375
27322.809327810013,750,4.0,0.9453901169664969,369834,7869.50072742921,44770.085668
27326.472821766594,300,4.336506043419367,0.0,163444,3663.4939565806335,48573.703133
27330.242187554562,300,4.567140255450936,0.0,179328,3769.3657879684306,52085.229201999995
27332.403785112263,300,6.4055426977484435,0.0,159914,2161.5975577024915,86239.417989375
27336.438192522186,750,6.371135287822001,0.0,321064,4034.4074099264435,84292.71523175
27340.119137166508,750,6.690190643502644,0.0,361565,3680.9446443193565,130470.83626125
27342.942356680574,750,7.866971129434077,0.0,378327,2823.219514068567,143095.69378
27347.824884359776,1200,6.9844434502332895,0.0,587506,4882.527679200787,64563.453990375
27352.085180261016,750,6.724147548994801,0.0,345516,4260.295901238489,135705.20622000002
27354.985680868074,750,7.823646941936702,0.0,384505,2900.5006070580985,146734.43983375002
27360.07676364069,1200,6.732564169320206,0.0,599477,5091.082772616496,134270.80491125002
27364.683058614784,750,6.126269195226919,0.0,438281,4606.294974093287,78979.22977062501
27370.693588437105,750,4.115739372902996,0.0,398987,6010.529822323922,65329.728059375
27373.246792077156,300,5.562535732853539,0.0,160064,2553.2036400494567,69659.22920887501
27375.399778914423,300,7.409548895588083,0.0,137507,2152.986837265456,69969.69696975
27384.41270916908,1200,4.0,1.603381359069863,550906,9012.930254657946,124238.383838375

