5239.083259898093,750,4.0,1.9602828539084163,450283,1960.2828539084162,186555.15041
5240.041115163373,300,7.042144734719407,0.0,155580,957.8552652805936,186555.15041
5241.799826770649,750,9.283433127443578,0.0,350812,1758.7116072758295,250479.392625
5245.4502302010005,1850,9.63302969709262,0.0,933276,3650.4034303509557,212285.07295124998
5250.315567161843,1850,8.767692736249476,0.0,996749,4865.336960843146,163189.47368375
5252.487443115488,1200,10.595816782604647,0.0,520315,2171.8759536448283,357454.1832675
5257.819936569652,2850,9.263323328440354,0.0,1388403,5332.493454164292,196243.06326249999
5266.11659447416,1850,4.966665423932029,0.0,1060487,8296.657904508325,126224.75795249999
5267.452179929883,300,7.631079968209449,0.0,150710,1335.585455722579,128862.04325125
5271.933130301399,1200,7.150129596692169,0.0,560821,4480.9503715172805,132763.01476249998
5274.654887075629,750,8.428372822461855,0.0,353220,2721.7567742303136,149209.51586
5279.847187776333,1200,7.236072121758563,0.0,594078,5192.300700703292,105109.526235375
5285.745697926108,1200,5.337561971983266,0.0,624282,5898.510149775297,141919.0515125
5287.067677290775,300,8.015582607316508,0.0,179801,1321.9793646667583,156135.37906125
5290.558589524209,1200,8.52467037388162,0.0,526950,3490.9122334348885,139949.3996575
5293.26491770194,1200,9.818342196151415,0.0,587876,2706.328177730205,255094.72049749998
5297.840410291766,1850,9.242849606326033,0.0,966699,4575.492589825381,174414.20118375
5301.920351711254,1850,9.162908186838335,0.0,885714,4079.9414194876977,222791.36690625
5307.135976957891,1850,7.947282940200883,0.0,987708,5215.625246637452,234219.8952875
5310.165478750356,1200,8.917781147736523,0.0,586839,3029.50179246436,238330.2373575
5314.98167435366,1850,8.101585544432336,0.0,891604,4816.195603304187,208310.5726875
5317.529166276142,1200,9.554093621950855,0.0,616206,2547.491922481481,264838.5650225
5322.0124792615425,1850,9.070780636550317,0.0,968026,4483.312985400539,271060.42296125
5326.425415126634,1850,8.657844771459139,0.0,874175,4412.935865091178,165055.9210525
5330.134084894202,1200,8.949175003891538,0.0,587236,3708.6697675676005,165141.77978875
5335.157655284236,1850,7.925604613856671,0.0,905935,5023.570390034867,239214.9410225
5337.793105552354,1200,9.29015434573876,0.0,696376,2635.450268117912,333417.47572875
5340.717417773793,1850,10.36584212429893,0.0,758197,2924.31222143983,371215.29175000003
5344.534652129885,1850,10.548607768207725,0.0,972798,3817.2343560912054,335071.42857125
5349.481614532722,2850,9.601645365370398,0.0,1561263,4946.962402837328,282937.5
5353.229669413913,1850,9.853590484179522,0.0,873429,3748.054881190876,249270.90909124998
5356.7856420008875,1850,10.297617897205273,0.0,954453,3555.9725869742488,357586.77686
5358.395494834289,1850,12.687765063803765,0.0,885062,1609.852833401508,702335.59322
5364.129664321733,4300,10.953595576360417,0.0,2286761,5734.169487443348,402837.5
5368.010271992772,2850,11.072987905321565,0.0,1492672,3880.607671038854,388540.09433999995
5372.1910364896,2850,10.892223408492766,0.0,1439896,4180.7644968288,370309.9631
5375.294598350613,2850,11.788661547479325,0.0,1139291,3103.5618610134416,313638.83495125
5378.954265645765,2850,12.128994252328154,0.0,1499009,3659.6672951511728,464293.50649375
5384.27669353702,4300,10.806566361073154,0.0,2133870,5322.427891255,909142.1052637501
5387.082031339551,2850,12.001228558543055,0.0,1402287,2805.337802530098,487951.95195250004
5392.872058866943,4300,10.211201031150368,0.0,2108491,5790.027527392685,339654.09836125
5396.451808488228,1850,10.631451409865452,0.0,1025005,3579.749621284916,336160.11644874996
5399.159743641928,2850,11.923516256165538,0.0,1343002,2707.9351536999147,392304.34782625
5405.221961721746,2850,9.86129817634735,0.0,1587250,6062.218079818187,244215.21335749998
5409.438532909311,1850,9.644726988782587,0.0,958994,4216.571187564765,257856.3134975
5414.076845870713,1850,9.006414027380492,0.0,982064,4638.312961402095,259684.88746000003
5417.709772622275,1850,9.373487275819677,0.0,830730,3632.926751560814,321287.2340425
5420.738637038926,1850,10.344622859168698,0.0,846370,3028.86441665098,331228.00718125

