23554.25590084284,750,4.0,1.6132241480558394,450283,1613.2241480558394,303186.66666625
23554.876057911264,300,7.379842931572882,0.0,155580,620.1570684271185,303186.66666625
23557.40037617006,1200,8.855524672782474,0.0,571051,2524.318258790408,212009.302325
23561.469999456895,1850,8.785901385946142,0.0,933276,4069.623286836333,272937.72241999995
23564.505615289243,1200,9.750285553593756,0.0,652874,3035.615832352384,210499.44873250002
23567.20389062002,1850,11.052010222814513,0.0,801058,2698.275330779243,334091.37055875
23571.340043921595,2850,10.915856921242364,0.0,1388403,4136.15330157215,314617.4377225
23577.877072773845,2850,8.378828068990943,0.0,1638769,6537.028852251422,243215.29745
23580.51146050049,1200,9.744440342343175,0.0,584846,2634.3877266477675,241349.3810175
23585.2901354604,1850,8.965765382434968,0.0,913888,4778.674959908208,147914.213625
23592.72196826623,1850,5.533932576605122,0.0,939819,7431.8328058298475,161565.346535
23593.852628003373,300,8.403272839460122,0.0,156148,1130.6597371449989,127905.76652625
23599.183997418473,1200,7.071903424361088,0.0,624282,5331.369415099033,132633.77023875
23603.468437668304,750,6.787463174531872,0.0,434409,4284.440249829217,122439.9271845
23606.485771284813,750,7.770129558023472,0.0,337059,3017.3336165084,118934.76798925
23610.04625559805,1200,8.209645244787694,0.0,587876,3560.484313235778,222000.0
23613.659753183103,1200,8.596147659733907,0.0,617242,3613.497585053788,204127.09359625
23616.46532167392,1200,9.790579168917043,0.0,581493,2805.5684908168614,260598.0582525
23621.864132076505,1850,8.391768766332047,0.0,987708,5398.810402584997,105004.189944125
23631.071458498416,1200,4.0,0.8155576555788175,586839,9207.326421910864,138975.7531225
23632.739806288737,300,6.331652209675283,0.0,157671,1668.3477903247172,97391.111111125
23635.47791652801,750,7.5935419704038045,0.0,399894,2738.110239271479,164052.77777749998
23640.324888380736,1200,6.7465701176770985,0.0,656471,4846.971852726707,163921.39303500002
23642.37952628691,750,8.691932211501825,0.0,343800,2054.637906175272,217214.5214525
23644.706805484813,1200,10.3646530136006,0.0,587236,2327.2791979012263,358224.40944875
23647.526284909767,1850,11.545173588648748,0.0,905935,2819.4794249518527,326832.83582125
23652.962849122658,2850,10.108609375757307,0.0,1547572,5436.564212891441,374095.86056625
23655.036249915625,1850,12.035208582790922,0.0,758197,2073.400792966385,395062.09850125003
23660.42093776602,4300,10.650520732398157,0.0,2134614,5384.687850392765,371946.83026624995
23665.988873531438,2850,9.082584966978207,0.0,1561263,5567.935765419948,265695.73643375
23670.01941309445,1850,9.052045403966176,0.0,873429,4030.539563012031,686793.65079375
23677.07456941292,1850,5.996889085500286,0.0,954453,7055.15631846589,156940.95092
23679.43108946579,750,7.640369032627844,0.0,369834,2356.5200528724426,179302.79503125
23683.588738088685,1200,7.4827204097312165,0.0,670129,4157.648622896627,183107.95454500002
23686.57331682402,1200,8.498141674396864,0.0,690253,2984.578735334353,294564.75903625
23689.734321924403,1200,9.337136574011554,0.0,598727,3161.0051003853087,235607.902735
23693.05761418772,1850,10.013844310692361,0.0,728962,3323.2922633191934,336654.7314575
23696.938354502294,1850,10.133103996118894,0.0,938587,3880.7403145734656,219337.03703749998
23700.843900850643,1850,10.227557647771627,0.0,908665,3905.5463483472677,279207.09219875
23704.62830096818,1850,10.443157530236935,0.0,930577,3784.400117534694,273135.65891500004
23709.994995620884,2850,9.076462877531355,0.0,1339500,5366.694652705579,312148.26021125
23714.03716329998,1850,9.03429519843482,0.0,1025005,4042.167679096536,341377.47035625
23717.184435456307,1850,9.887023042112116,0.0,886255,3147.272156322704,269313.11475375004
23720.600955309692,1850,10.470503188725818,0.0,973972,3416.519853386298,319234.65703999996
23725.22624677702,2850,9.845211721396701,0.0,1464921,4625.291467329116,385826.8156425
23728.088760709892,1850,10.982697788522708,0.0,982064,2862.513932873993,283553.44827625
23731.732279287462,2850,11.339179210953887,0.0,1231456,3643.5185775688215,420324.444445
23735.576515725246,2850,11.49494277316656,0.0,1364537,3844.2364377873273,287506.1082025

