25843.100233380268,750,4.0,6.308048004947866,450283,6308.0480049478665,55521.16115025
25846.129891090226,300,4.9703422900424306,0.0,155580,3029.6577099575693,55521.16115025
25847.737469609252,300,7.362763771014124,0.0,139857,1607.5785190283066,128485.15625000001
25854.967108597444,1200,4.1331247828248,0.0,617681,7229.638988189324,100309.166235125
25856.806970878828,300,6.293262501440686,0.0,163442,1839.8622813841139,57496.877787749996
25862.291922212255,750,4.808311168013037,0.0,318564,5484.951333427649,69538.97058825
25865.491667972994,300,5.6085654072732,0.0,153295,3199.745760739837,45679.273377
25873.384756343326,750,4.0,2.284522963061698,437162,7893.088370334897,93133.17073175
25875.168146274293,300,6.216610069036603,0.0,150710,1783.389930963397,93133.17073175
25879.0726522508,750,6.312104092527017,0.0,362795,3904.5059765095853,82288.21178825
25884.6161250085,750,4.768631334831211,0.0,353220,5543.472757695807,130328.71287125
25885.93271290833,300,7.452043435000957,0.0,156148,1316.5878998302537,142624.5513275
25890.352060759793,1200,7.032695583533275,0.0,624282,4419.347851467681,156742.46339375
25893.262405818223,750,8.122350525104027,0.0,434409,2910.345058429249,101676.25071875
25898.737346689857,1200,6.647409653472141,0.0,526950,5474.940871631885,105658.07836825
25901.774851071008,750,7.609905272323966,0.0,366214,3037.5043811481746,148391.3894325
25906.871533763024,1200,6.5132225803054,0.0,617242,5096.682692018567,132377.5829675
25909.475428939048,750,7.90932740428228,0.0,372963,2603.8951760231207,165087.922705
25914.259348619555,1200,7.1254077237768785,0.0,639204,4783.919680505401,131612.95822625
25916.943977462834,750,8.440778880500972,0.0,350713,2684.628843275907,152930.4347825
25921.4328000534,1200,7.951956289934674,0.0,601738,4488.822590566298,127579.6460175
25927.14082306874,1200,6.243933274592256,0.0,616206,5708.023015342418,119188.7287025
25930.332652290333,750,7.052104053001369,0.0,401853,3191.829221590886,93129.818594125
25933.646963024334,750,7.737793319002038,0.0,343800,3314.3107339993326,140545.08529625
25938.457420369396,1200,6.927335973941588,0.0,587236,4810.457345060449,137204.03413500002
25941.487210647065,750,7.897545696270009,0.0,379700,3029.790277671579,129471.5312325
25946.30471955689,1200,7.080036786443425,0.0,696376,4817.508909826584,180486.72566375
25948.206040486053,750,9.178715857282462,0.0,277716,1901.3209291609614,156605.44217624998
25955.419614061215,1850,5.965142282120579,0.0,972798,7213.573575161884,127030.80308
25958.848847104888,750,6.535909238445564,0.0,400508,3429.2330436750144,126677.33782625002
25961.308899792522,750,8.075856550812766,0.0,358218,2460.0526876327986,141760.9970675
25966.637667795803,1200,6.74708854753031,0.0,620283,5328.768003282456,129273.6285525
25969.7794966909,750,7.605259652435386,0.0,369834,3141.8288950949236,109915.371329875
25976.0423652878,1200,5.342391055530016,0.0,670129,6262.8685969053695,119628.0
25977.618715575685,300,7.766040767648635,0.0,179328,1576.3502878813813,109342.872867375
25984.303264757404,1200,5.081491585931182,0.0,598727,6684.5491817174525,88295.97282875
25986.518867426577,300,6.865888916756403,0.0,131610,2215.6026691747793,59153.551429375
25994.145034771285,750,4.0,0.7602784279508878,361565,7626.167344707291,79538.911381
25995.894359930255,300,6.250674841031458,0.0,144254,1749.3251589685428,115373.024236
26002.043751403573,750,4.1012833677106615,0.0,390680,6149.391473320796,69530.554574375
26004.247760631548,300,5.897274139739668,0.0,147968,2204.0092279709934,76011.294117625
26010.380386529647,750,4.0,0.23535175836019334,384505,6132.625898099862,73331.05664925001
26011.7402916662,300,6.640094863446719,0.0,145210,1359.905136553281,130714.06959125001
26015.16806206489,750,7.212324464756256,0.0,438281,3427.7703986904626,174888.43398125
26019.95024517023,1200,6.430141359418842,0.0,630203,4782.1831053374135,126365.753425
26022.69269636165,750,7.687690167995916,0.0,393804,2742.4511914229265,167611.69780624998
26026.01046579402,1200,8.369920735628002,0.0,538612,3317.7694323679125,195458.33333375002
26029.77715144579,1200,8.603235083861009,0.0,550906,3766.685651766993,124629.87012987501

