4663.301750335665,750,4.0,4.146410706663652,450283,4146.4107066636525,157423.84615375
4664.422052837821,300,6.879697497844862,0.0,155580,1120.3025021551377,157423.84615375
4666.86142848472,750,8.440321850945596,0.0,350812,2439.3756468992665,158179.452055
4671.392707597702,1200,7.909042737964257,0.0,617681,4531.2791129813395,131181.81818124998
4676.352084075809,1200,6.949666259856911,0.0,652874,4959.376478107346,149763.39969375
4679.1925207969,750,8.109229538767044,0.0,318564,2840.436721089867,97708.80245650001
4686.443677565328,1200,4.858072770339124,0.0,561791,7251.15676842792,58089.210155125
4690.9294349829315,300,4.372315352735779,0.0,173849,4485.757417603345,38714.56310675
4694.57273902773,300,4.729011307936528,0.0,150710,3643.304044799251,46711.142654375006
4696.680679723626,300,6.621070612041041,0.0,139105,2107.940695895486,77942.722636375
4702.17867453357,750,5.123075802096879,0.0,353220,5497.994809944163,92468.495935
4704.036213079294,300,7.265537256374087,0.0,156148,1857.5385457227908,92468.495935
4709.6672816650125,1200,5.634468670654782,0.0,624282,5631.068585719305,114648.16753925
4713.595125233643,750,5.706625102024593,0.0,434409,3927.84356863019,111209.60451974999
4716.2914793621385,750,7.010270973528897,0.0,337059,2696.354128495696,138752.058555
4722.240140397829,750,5.061609937838171,0.0,366214,5948.661035690726,47992.508513
4725.467758847951,300,5.833991487716131,0.0,143509,3227.6184501220405,47992.508513
4730.917880777306,750,4.383869558360958,0.0,372963,5450.121929355173,74096.2705985
4732.896629240608,300,6.405121095058715,0.0,165384,1978.7484633022434,95487.71367525
4737.544434898188,750,5.757315437478121,0.0,350713,4647.805657580594,72350.58823524999
4743.846963718449,750,4.0,0.5452133827822053,386472,6302.528820260326,50996.045477
4746.014170518489,300,5.832793199960092,0.0,157812,2167.206800039909,83628.1502615
4752.25762863478,750,4.0,0.4106649163323509,401853,6243.458116292442,30494.976203125
4757.0891964472385,300,4.0,0.8315678124573324,137654,4831.567812457332,30494.976203125
4761.165941081447,300,4.0,0.07674463420955044,146754,4076.7446342095504,39424.261340000005
4764.670975473012,300,4.4949656084356615,0.0,153938,3505.034391564339,52824.770642250005
4767.147264085685,300,6.018676995762325,0.0,181901,2476.2886126733356,114512.982456125
4770.559242417452,750,6.606698663995334,0.0,277716,3411.9783317669912,75980.0
4775.316360553191,750,5.849580528256621,0.0,400396,4757.118135738713,114913.82765525
4780.545025429396,750,4.6209156520505585,0.0,400508,5228.664876206062,85745.64643800001
4782.246434715709,300,6.919506365738149,0.0,157421,1701.4092863124094,103636.87724700001
4786.363765196904,750,6.80217588454456,0.0,400322,4117.330481193589,93774.67105262501
4790.811850967668,750,6.354090113780266,0.0,369834,4448.085770764294,75588.95705525
4796.291606340456,750,4.8743347409919675,0.0,412837,5479.755372788299,98052.88461537499
4798.59066965793,300,6.575271423518357,0.0,179328,2299.0633174736104,81634.751773
4803.425625797756,750,5.740315283693527,0.0,365161,4834.956139824831,79880.51001825
4807.955502986782,750,5.210438094666897,0.0,321064,4529.87718902663,108914.848323625
4809.277802264511,300,7.888138816938641,0.0,124011,1322.299277728256,100587.767584125
4815.34681006992,1200,5.819131011528666,0.0,605884,6069.007805409975,149172.61904750002
4817.889871852991,750,7.276069228457667,0.0,390680,2543.061783070999,186823.18840625
4822.56229809199,1200,6.6036429894588755,0.0,566904,4672.426238998792,128847.82608750001
4825.8519444589765,750,7.313996622472031,0.0,384505,3289.6463669868444,133140.16736375
4830.580630752765,1200,6.585310328683998,0.0,599477,4728.686293788033,156581.15183249998
4834.687448600403,750,6.478492481045699,0.0,438281,4106.817847638298,95242.56951100001
4838.188832727286,750,6.977108354162288,0.0,398987,3501.3841268834108,117027.652733125
4842.075344689038,750,7.090596392410566,0.0,393804,3886.511961751722,101059.7269625
4844.900201758983,750,8.26573932246606,0.0,331053,2824.857069944507,112296.410256375
4849.072702250415,1200,8.093238831033423,0.0,550906,4172.500491432636,134044.8132775

