9080.108731521515,750,4.0,1.384287999087403,450283,1384.287999087403,371417.4228675
9080.62965973589,300,7.479071785625267,0.0,155580,520.9282143747322,371417.4228675
9082.769972997894,1200,9.338758523620784,0.0,571051,2140.313262004483,236994.80069375
9086.032320964874,1850,10.076410556639962,0.0,933276,3262.3479669808244,308633.8028175
9089.32327772967,1850,10.785453791842924,0.0,996749,3290.9567647970384,333321.3644525
9093.4822847691,2850,10.626446752415069,0.0,1224260,4159.0070394278555,429193.39622625004
9097.57784103764,2850,10.530890483873714,0.0,1388403,4095.556268541354,353444.2013125
9103.103959590375,2850,9.004771931139047,0.0,1638769,5526.118552734668,263454.95495499996
9107.307681405548,1850,8.80105011596626,0.0,852833,4203.721815172786,334353.61216749996
9110.259529673096,1850,9.849201848418911,0.0,913888,2951.848267547349,321072.49070625
9115.47018464395,1850,8.638546877566124,0.0,939819,5210.654970852786,148298.27586249998
9120.779459921245,1200,7.329271600270888,0.0,594078,5309.275277295236,60298.6703035
9126.358971174846,1200,5.74976034667086,0.0,624282,5579.511253600028,158896.87924
9132.63438386895,750,4.0,0.5256523474333907,434409,6275.412694104251,121921.2598425
9134.056727092262,300,6.577656776687456,0.0,140051,1422.343223312544,115297.1619365
9137.48016082973,750,7.154223039220964,0.0,366214,3423.4337374664924,115297.1619365
9141.779043219029,750,6.855340649921182,0.0,360831,4298.8823892997825,220013.11475374998
9145.40537001009,750,7.229013858857833,0.0,372963,3626.3267910633485,82519.317611625
9152.004732501216,1200,4.629651367732449,0.0,639204,6599.362491125384,151325.78125
9153.064709529906,300,7.56967433904168,0.0,140881,1059.9770286907687,151325.78125
9157.34381447732,1200,7.290569391628353,0.0,601738,4279.104947413327,147060.90225624997
9161.30987026568,1200,7.324513603267301,0.0,616206,3966.0557883610527,153191.699605
9165.11111581449,1200,7.523268054458338,0.0,656471,3801.2455488089627,222909.31677
9168.264103203997,1200,8.37028066495237,0.0,536667,3152.9873895059677,130091.38840125
9172.262039221265,1200,8.3723446476844,0.0,587236,3997.936017267969,174008.8148875
9177.05684929624,1200,7.5775345727092756,0.0,590335,4794.810074975125,115198.979591875
9181.888507679336,1200,6.745876189613535,0.0,696376,4831.658383095741,119607.470511125
9184.671263155875,750,7.963120713073793,0.0,277716,2782.7554765397413,85659.238249625
9190.518772076859,1200,6.11561179209068,0.0,622896,5847.508920983113,206174.16378375
9193.430956325075,750,7.2034275438735005,0.0,400508,2912.18424821718,123160.213618125
9197.454630281492,1200,7.179753587455817,0.0,570392,4023.6739564176833,150702.65638375
9199.646221726782,750,8.988162142166347,0.0,400322,2191.5914452894694,150302.34578625002
9204.862363141328,1850,7.7720207276213245,0.0,885062,5216.1414145450235,202315.90656250002
9208.198257955424,1200,8.43612591352412,0.0,670129,3335.8948140972043,209203.14389375
9212.299951254063,1200,8.334432614885744,0.0,690253,4101.693298638375,223652.5285475
9215.273944985234,1200,9.360438883712561,0.0,598727,2973.9937311731833,304801.6528925
9219.180075819411,1850,9.454308049536795,0.0,728962,3906.130834175765,175138.6306
9225.165579914732,1850,7.468803954215312,0.0,938587,5985.504095321483,245682.97872375
9228.17245655771,1200,8.461927311238139,0.0,605884,3006.8766429771754,199071.94244625
9232.555942271621,1200,8.078441597325563,0.0,587506,4383.485713912575,105134.338588125
9236.131124888576,1200,8.50325898037027,0.0,566904,3575.1826169552946,153598.55189
9241.412163789433,1200,7.222220079513574,0.0,641452,5281.038900856695,154425.1290875
9245.24153875885,1200,7.392845110095417,0.0,599477,3829.374969418156,181649.07975499998
9248.30145010759,1200,8.33293376135357,0.0,634861,3059.911348741847,301123.72881374997
9251.065163114532,1200,9.569220754411061,0.0,630203,2763.7130069425084,292048.96142375
9255.41745615987,1850,9.21692770907286,0.0,982064,4352.293045338201,258443.76528125
9258.716413540315,1850,9.917970328629973,0.0,830730,3298.957380442886,299421.50170624995
9262.164705645297,1850,10.469678223648286,0.0,846370,3448.292104981689,253805.3977275

