22401.505020052748,750,4.0,3.5388403668140223,450283,3538.840366814022,119330.02915450001
22402.957419122897,300,6.5476009298498035,0.0,155580,1452.399070150196,119330.02915450001
22406.030407609924,750,7.474612442823701,0.0,350812,3072.988487026103,131441.09277125
22412.444977478925,1200,5.060042573824592,0.0,617681,6414.569868999109,80366.583541125
22414.495037310797,300,7.009982741950323,0.0,163442,2050.059831874269,117555.0031075
22417.457918829597,750,8.047101223148694,0.0,318564,2962.8815188016297,110753.68063425
22424.22777222528,1200,5.277247827465113,0.0,561791,6769.853395683581,203718.791065
22425.23905836536,300,8.265961687385385,0.0,173849,1011.2861400797276,156675.105485
22429.463128996515,1200,8.041891056232746,0.0,584846,4224.070631152638,151824.68281375
22434.1761637119,1200,7.32885634084432,0.0,560821,4713.034715388427,131582.06796875
22440.13166268892,1200,5.373357363828757,0.0,607410,5955.498977015563,110509.375
22441.695180395214,300,7.809839657529857,0.0,156148,1563.5177062988998,111837.58937687501
22447.07295807362,1200,6.432061979124276,0.0,624282,5377.777678405581,155610.78998125
22449.914362705407,750,7.590657347339456,0.0,434409,2841.4046317848192,195922.90249375
22453.081552950436,1200,8.423467102311122,0.0,526950,3167.1902450283337,179481.0924375
22456.71133927822,1200,8.79368077452276,0.0,587876,3629.786327788361,194408.8514225
22460.340831129146,1200,9.164188923597724,0.0,617242,3629.491850925038,138045.5259025
22466.209288883223,1850,7.295731169519018,0.0,885714,5868.457754078705,214048.3271375
22469.741717650875,1200,7.76330240186857,0.0,639204,3532.4287676504487,173810.45751625
22475.333844165718,1200,6.171175887028536,0.0,586839,5592.126514840034,96892.069171125
22478.884963175602,750,6.620056877143152,0.0,386472,3551.119009885384,104032.9411765
22483.763661455672,750,5.741358597073097,0.0,399894,4878.698280070055,77528.63290299999
22489.429834856295,750,4.075185196450077,0.0,401853,5666.17340062302,63566.01172012501
22491.802026891142,300,5.702993161603761,0.0,137654,2372.192034846316,62372.60825775
22496.372457442943,750,5.132562609804005,0.0,359903,4570.430551799756,77518.351577625
22498.542801170617,300,6.9622188821289255,0.0,153938,2170.343727675079,77518.351577625
22504.404535652768,750,5.10048439997882,0.0,425781,5861.734482150106,77518.351577625
22505.993923569004,300,7.511096483741611,0.0,111155,1589.3879162372086,77518.351577625
22513.099787473635,1200,4.405232579114436,0.0,622896,7105.8639046271755,127112.42236000001
22515.02311426202,300,6.48190579072529,0.0,149029,1923.3267883891453,82271.635817875
22520.66409472036,750,4.840925332388504,0.0,358218,5640.980458336786,71000.0
22523.07223975377,300,6.43278029897971,0.0,157488,2408.145033408795,71263.507109
22528.349246087622,750,5.1557739651272545,0.0,369834,5277.006333852455,123632.992327375
22529.70168655965,300,7.8033334931021034,0.0,163444,1352.44047202515,139900.88757375
22534.72458902027,1200,6.780431032482442,0.0,690253,5022.902460619662,151887.8281625
22537.10282724821,750,8.402192804535883,0.0,365161,2378.2382279465596,153438.01652875
22540.531495547344,1200,8.973524505405567,0.0,487812,3428.668299130314,157454.545455
22546.70895694791,1850,6.796063104835649,0.0,938587,6177.461400569918,154272.09838625
22549.55266152429,750,7.95235852846044,0.0,378327,2843.7045763752085,148708.99915875
22555.098637823474,1200,6.406382229274232,0.0,587506,5545.976299186208,170924.86772500002
22557.84563030206,750,7.659389750686936,0.0,345516,2746.992478587297,113437.538844
22562.600143732798,1200,6.9048763199509215,0.0,641452,4754.513430736015,149834.20593375
22564.759762254187,750,8.745257798561067,0.0,372093,2159.618521389855,237072.9442975
22568.436240763505,1200,9.06877928924369,0.0,634861,3676.478509317376,201888.45401125
22573.87002797977,1850,7.634992072978456,0.0,958994,5433.787216265235,154798.202615
22578.059963845066,1200,7.445056207680239,0.0,638661,4189.935865298216,153357.50421625
22581.96299120451,1200,7.542028848237783,0.0,538612,3903.0273594424552,132225.980015
22586.05757211617,1200,7.447447936575607,0.0,550906,4094.5809116621763,153913.806255

