5812.0550969898895,750,4.0,4.997202366246414,450283,4997.202366246414,80381.382560875
5814.208458740175,300,5.846638249714482,0.0,155580,2153.3617502855177,48456.393635875
5823.194115294759,750,4.0,3.1390183048696434,350812,8985.656554584126,37087.200899250005
5827.217554315069,300,4.0,0.023439020309554054,155432,4023.439020309554,42706.433479125
5830.995636311647,300,4.22191800342084,0.0,163442,3778.0819965791593,46960.024984375
5832.258774071477,300,6.958780243591171,0.0,126289,1263.1377598296694,112483.739837375
5835.609763908583,750,7.607790406486221,0.0,352642,3350.989837104949,114842.74438375
5841.69235188776,1200,5.525202427309498,0.0,709534,6082.587979176723,135406.38297874999
5842.933457468956,300,8.284096846113172,0.0,150710,1241.1055811963256,141193.07832375
5847.122217882012,1200,8.095336433057023,0.0,560821,4188.760413056149,155630.529055
5850.998333224487,1200,8.21922109058122,0.0,607410,3876.1153424758018,207926.9662925
5853.7817607435445,1200,9.435793571523892,0.0,594078,2783.4275190573303,202349.65831375003
5858.4949028776,1850,8.722651437468704,0.0,946851,4713.142134055189,211973.75328125
5862.548232089658,1200,8.669322225410324,0.0,687371,4053.3292120583797,153527.23311499998
5866.409443470336,1200,8.808110844733337,0.0,526950,3861.211380676987,184091.658085
5873.216886779793,1850,6.000667535276228,0.0,923170,6807.4433094571095,154271.929825
5875.788047842038,750,7.429506473029644,0.0,360831,2571.1610622465837,168839.49416375
5880.034693848026,1200,7.182860467042623,0.0,581493,4246.6460059870205,104499.092559
5885.904431559236,750,5.313122755831932,0.0,405596,5869.737711210691,61550.592216624995
5888.089278427798,300,7.128275887270933,0.0,140881,2184.846868560999,76291.393442625
5894.411886334063,750,4.8056679810052865,0.0,386472,6322.607906265646,57843.308675125
5897.254576869869,300,5.962977445198303,0.0,157812,2842.690535806984,60855.082659125
5906.652512836789,750,4.0,3.4349585217221845,401853,9397.935966920488,43922.725293875
5909.778124746611,300,4.874388090178243,0.0,137654,3125.611909821757,47631.564772375
5912.435285200452,300,6.21722763633745,0.0,146754,2657.1604538407933,65786.468330125
5920.104103833479,750,4.0,1.4515909966886276,379700,7668.818633026077,39265.649897625
5924.757910073583,300,4.0,0.6538062401045954,181901,4653.806240104595,45940.458395625
5927.360637384748,300,5.397272688834578,0.0,111155,2602.727311165422,51699.499165249996
5930.336411443911,300,6.421498629672011,0.0,153605,2975.7740591625666,58987.707881375
5936.142056937399,750,4.615853136184424,0.0,400508,5805.6454934875865,75286.700581375
5938.321806520171,300,6.436103553412647,0.0,157421,2179.7495827717767,79188.154568375
5942.584719217799,750,6.173190855784579,0.0,400322,4262.912697628069,108166.49048625
5947.61178996661,750,5.14612010697411,0.0,369834,5027.070748810469,72600.44011312499
5950.008176975616,300,6.749733097967449,0.0,163444,2396.387009006661,74683.7793555
5956.35629686308,750,4.401613210503397,0.0,401088,6348.119887464051,140320.7547175
5957.602622592744,300,7.155287480838945,0.0,159914,1246.3257296644522,177768.7969925
5959.678214030715,750,9.07969604286853,0.0,321064,2075.5914379704145,160283.17659375
5966.122792381713,1850,6.635117691869823,0.0,938587,6444.578350998708,153438.01652875
5968.926598101422,750,7.831311972161009,0.0,378327,2803.8057197088137,142151.187905
5975.243243641136,1200,5.514666432447329,0.0,587506,6316.645539713681,142952.08169625
5976.412810072247,300,8.345100001336236,0.0,147968,1169.5664311110909,142952.08169625
5982.401998448842,1200,6.355911624740736,0.0,641452,5989.188376595501,81525.6887565
5987.05501204962,750,5.702898023962906,0.0,372093,4653.013600777831,83477.947413
5993.000891350757,750,4.0,0.24298127717466558,438281,5945.879301137571,118751.46389075
5994.565815852748,300,6.435075498010326,0.0,167025,1564.9245019896746,114972.72122425
5998.419969686489,750,6.580921664268721,0.0,393804,3854.1538337416055,117288.251366125
6001.661803981974,750,7.339087368783795,0.0,331053,3241.834295484926,134704.596835
6005.569728954244,1200,7.431162396512985,0.0,550906,3907.92497227081,149387.85425125

