20444.306804341304,750,4.0,3.995068697861578,450283,3995.068697861578,110725.506072875
20445.799076428637,300,6.507727912669612,0.0,155580,1492.2720873303876,123758.02469137499
20448.90377480113,750,7.40302954017788,0.0,350812,3104.6983724917322,117402.550091125
20453.94503563491,1200,6.361768706391916,0.0,617681,5041.260833785964,127753.755715
20457.334538445313,750,6.972265895990709,0.0,411561,3389.5028104012076,128914.92235
20460.901060477066,750,7.405743864237071,0.0,318564,3566.5220317536377,86273.23420075
20470.702989344212,1200,4.0,2.3961850029088407,561791,9801.928867145913,66692.178583375
20473.34210906733,300,5.360880276884466,0.0,173849,2639.119723115534,114030.66271025
20475.31255975598,300,7.390429588233377,0.0,150710,1970.4506886510885,59336.272545125
20482.576077884645,1200,4.126911459569587,0.0,560821,7263.518128663791,100773.11401025
20484.225785688926,300,6.4772036552889025,0.0,141840,1649.707804280684,87792.9493545
20488.500257384763,750,6.202731959450812,0.0,405134,4274.47169583809,105783.966684
20491.980247114498,750,6.722742229713585,0.0,386351,3479.989729737226,131641.4017925
20496.81798894021,750,5.8850004040026045,0.0,434409,4837.741825710981,102190.419869875
20500.687982519048,750,6.015006825162664,0.0,337059,3869.99357883994,65090.978013625
20506.492886628275,750,4.21010271593742,0.0,366214,5804.904109225245,42328.439498
20509.99343031752,300,4.709559026691432,0.0,143509,3500.543689245988,50060.19971475
20513.080836579054,300,5.622152765156413,0.0,150616,3087.4062615350185,86535.6472795
20518.705385590452,750,4.0,0.002396246243240057,405596,5624.549011399653,82631.157388875
20520.66345331178,300,6.041932278674642,0.0,140881,1958.067721325359,64092.565597625
20530.145382270828,750,4.0,3.4399966803735804,386472,9481.928959048222,33571.953578375
20534.77750431026,300,4.0,0.632122039429506,157812,4632.122039429506,44506.817597125
20538.887151723913,300,4.0,0.10964741365763984,163927,4109.64741365764,38471.675126875
20542.733531713624,300,4.153620010291687,0.0,137654,3846.379989708314,38471.675126875
20545.89286711781,300,4.994284606102749,0.0,146754,3159.3354041889374,50715.50205525
20548.812955682777,300,6.074196041137604,0.0,153938,2920.088564965144,59123.550724625005
20558.635641963127,750,4.0,3.748490239214392,425781,9822.686280351996,37328.107248375
20561.850150294325,300,4.7854916688017095,0.0,111155,3214.5083311982903,37328.107248375
20565.668061249497,300,4.967580713628551,0.0,153605,3817.9109551731585,44393.806451625
20568.549910704885,300,6.0857312582426015,0.0,149029,2881.84945538595,61242.831858375
20574.91176506679,750,4.0,0.27612310366245313,358218,6361.854361905054,69292.92582412499
20577.22800266579,300,5.683762400998749,0.0,157488,2316.237599001251,77331.00131174999
20584.640463678206,750,4.0,1.7286986114185265,369834,7412.461012417275,36105.133343625
20589.03580817857,300,4.0,0.3953445003633806,163444,4395.344500363381,64896.16252825001
20591.94486034603,300,5.090947832538353,0.0,179328,2909.0521674616475,75175.2955565
20594.252856661944,300,6.782951516622965,0.0,159914,2307.996315915387,79814.43298975
20597.939839362927,750,7.0959688156421326,0.0,321064,3686.9827009808323,144137.5985975
20601.389660990793,750,7.646147187776957,0.0,361565,3449.8216278651757,110725.506072875
20606.742569050497,1200,6.293239128073751,0.0,605884,5352.908059703205,141470.45624499998
20609.8382491929,750,7.197558985669247,0.0,390680,3095.6801424045043,127753.755715
20612.69447935238,750,8.341328826187441,0.0,345516,2856.230159481806,128914.92235
20619.698663734864,1200,5.337144443704279,0.0,641452,7004.184382483161,81716.765873
20622.75268875933,300,6.2831194192369715,0.0,145210,3054.0250244673075,46912.941176500004
20630.12152143226,750,4.0,1.085713253691568,438281,7368.832672928539,114030.66271025
20632.583649551758,300,5.537871880502088,0.0,167025,2462.128119497912,59336.272545125
20634.816581589897,300,7.304939842363967,0.0,160064,2232.9320381381212,90088.118811875
20641.218607268223,1200,4.902914164040192,0.0,538612,6402.025678323775,87792.9493545
20642.62482492184,300,7.496696510422281,0.0,118421,1406.2176536179106,114051.041666625

