12329.02888900986,750,4.0,2.287148895543779,450283,2287.148895543779,172993.23753125002
12330.055564286822,300,6.973324723036945,0.0,155580,1026.6752769630546,172993.23753125002
12332.135943893134,750,8.892945116725517,0.0,350812,2080.379606311428,185794.04666125
12336.64715351172,1850,8.381735498140156,0.0,933276,4511.209618585363,215673.888255
12339.80521289452,1200,9.223676115340927,0.0,652874,3158.059382799226,249194.0928275
12346.540492302838,1850,6.488396707021375,0.0,801058,6735.279408319553,100640.49355025
12351.167022850539,750,5.861866159320906,0.0,352642,4626.530547700469,67347.79661012499
12358.799170099253,750,4.0,1.7702810893922043,437162,7632.1472487131105,71112.93474012501
12362.351358353004,300,4.447811746248142,0.0,150710,3552.1882537518577,35076.54666199999
12366.309226651409,300,4.489943447844471,0.0,139105,3957.868298403671,56418.863131125
12369.035598004388,300,5.763572094864719,0.0,141840,2726.3713529797524,56418.863131125
12375.693002306458,750,4.0,0.8938322072057435,405134,6657.404302070462,67154.990085875
12378.110532431185,300,5.582469875272145,0.0,160746,2417.530124727855,81071.25205925001
12380.577422050184,300,7.115580256273008,0.0,179801,2466.8896189991374,75302.564102625
12384.887496638363,750,6.805505668092951,0.0,337059,4310.074588180057,67276.446737875
12390.036841394785,750,5.656160911670616,0.0,366214,5149.344756422335,42493.86934675
12397.910549181921,750,4.0,2.217546875465301,360831,7873.707787135917,39180.4631965
12401.753627148595,300,4.156922033326464,0.0,150616,3843.0779666735366,50724.46084
12405.178190879227,300,4.732358302693613,0.0,165384,3424.563730632851,57284.0352595
12407.888509507153,300,6.022039674767791,0.0,140881,2710.3186279258216,41071.682992
12417.307077367288,750,4.0,3.3965281853658142,386472,9418.567860133606,58186.689227250004
12420.071373769337,300,5.235703597950103,0.0,157812,2764.2964020498976,120376.45448325001
12421.58409654939,300,7.722980817897155,0.0,163927,1512.722780052947,124341.684064
12425.798275286212,1200,7.5088020810739,0.0,536667,4214.178736823255,155944.85596749999
12429.745973123456,1200,7.56110424383158,0.0,587236,3947.6978372423196,176413.19107625
12433.320857963356,1200,7.986219403932267,0.0,590335,3574.8848398993127,157677.36022
12437.482539765115,1200,7.824537602173803,0.0,696376,4161.681801758465,197604.46927375
12440.320655026715,1200,8.986422340572764,0.0,487160,2838.1152616010386,150911.08247375002
12448.928245327366,1850,4.378832039921588,0.0,972798,8607.590300651176,137029.761905
12450.179120317827,300,7.127957049459411,0.0,149029,1250.8749904621775,126746.82080875
12453.349403654636,750,7.9576737126499735,0.0,358218,3170.2833368094375,104949.23076925
12460.517690476421,1200,4.789386890864701,0.0,620283,7168.286821785273,161067.13780875
12461.440035828262,300,7.8670415390227175,0.0,143881,922.3453518419839,209132.127955
12467.278918038062,1200,6.028159329223179,0.0,670129,5838.882209799538,102740.901683875
12469.805251207756,750,7.501826159529324,0.0,401088,2526.3331696938544,155554.872695
12477.024189823207,1200,4.282887544079427,0.0,598727,7218.938615449897,101342.794759875
12478.721154897423,300,6.585922469862029,0.0,131610,1696.9650742173985,68842.87505224999
12485.332421446194,750,4.0,0.025344078908171468,361565,6611.266548770201,61481.55067725
12488.01571513119,300,5.316706315003658,0.0,144254,2683.293684996343,56458.084683125
12490.578623496403,300,6.753797949789292,0.0,149991,2562.9083652143654,92822.061191625
12496.552197423243,750,4.78022402294967,0.0,345516,5973.573926839622,55735.987748875
12499.913005722092,300,5.419415724101018,0.0,161857,3360.8082988486526,50239.799749625
12502.404869868802,300,6.927551577391998,0.0,145210,2491.86414670902,104569.15832837501
12505.87507061041,750,7.457350835784953,0.0,438281,3470.200741607045,161278.57142875
12510.176847045495,1200,7.155574400698328,0.0,630203,4301.776435086625,172532.42320875
12512.249293911535,750,9.083127534659,0.0,393804,2072.4468660393286,245460.2272725
12515.942496619899,1850,9.389924826296314,0.0,830730,3693.202708362687,177686.8787275
12525.158990882177,1850,4.173430564018751,0.0,846370,9216.494262277563,122986.01398599999

