24312.821054320273,750,4.0,4.717391294739914,450283,4717.391294739914,103876.16099075001
24314.2759844568,300,6.545069863471299,0.0,155580,1454.9301365287008,127349.719975
24317.559624893125,750,7.261429427147555,0.0,350812,3283.6404363237434,94842.71047225
24324.654862735133,1200,4.166191585138874,0.0,617681,7095.237842008682,80673.46938775
24326.805952969637,300,6.015101350636694,0.0,163442,2151.0902345021796,83202.23752149999
24330.449886937684,750,6.371167382587098,0.0,318564,3643.933968049597,111801.020408125
24333.61241460692,750,7.208639713351393,0.0,352642,3162.5276692357043,125301.9801975
24340.20362759874,1200,4.617426721533003,0.0,709534,6591.21299181839,143627.72449875
24341.627281860885,300,7.193772459388822,0.0,150710,1423.6542621441804,98055.73770487499
24345.38253050875,750,7.438523811522558,0.0,362795,3755.248647866265,119324.924924875
24351.757835418823,1200,5.063218901447421,0.0,607410,6375.304910075137,97763.27325862499
24353.477041981532,300,7.344012338739875,0.0,156148,1719.2065627075465,111317.669172875
24359.806276662584,1200,5.014777657687597,0.0,624282,6329.234681052277,110201.193058625
24362.53122342664,300,6.289830893630713,0.0,179801,2724.946764056884,68946.05954462501
24369.520537271135,750,4.0,0.6994829508638468,337059,6989.31384449456,41424.74733675
24371.456593970233,300,6.063943300901109,0.0,138313,1936.0566990988923,79322.468492
24377.49626770166,750,4.024269569474428,0.0,360831,6039.67373142668,61366.328011624995
24379.643655967047,300,5.876881304088591,0.0,150616,2147.3882653858373,92119.0987125
24384.58084910214,750,4.9396881689905685,0.0,405596,4937.193135098022,108929.3113955
24385.820057580462,300,7.70047969067103,0.0,140881,1239.2084783195387,133227.79043249998
24390.843036232076,1200,6.677501039058504,0.0,601738,5022.978651612526,128554.51713374999
24394.43975628572,750,7.08078098541563,0.0,399894,3596.720053642875,124065.04646175
24398.88774071192,750,6.632796559214957,0.0,401853,4447.984426200673,74801.816028375
24402.664219243325,750,6.856318027807856,0.0,343800,3776.4785314071005,131069.07630500001
24405.549098808497,750,7.971438462634635,0.0,359903,2884.879565173222,119174.77592825
24411.845253785596,1200,5.6752834855350605,0.0,590335,6296.154977099574,68873.8057325
24416.23619709991,750,5.284340171218115,0.0,425781,4390.943314316945,157766.2801075
24417.057833798695,300,8.462703472437052,0.0,111155,821.6366987810626,157766.2801075
24422.404141231214,1200,7.116396039918429,0.0,622896,5346.3074325186235,103228.007181375
24426.90801147088,750,6.6125258002507135,0.0,400508,4503.870239667716,79823.874755375
24430.002273261274,750,7.518264009854605,0.0,358218,3094.261790396108,132135.84183624998
24435.1812287237,1200,6.339308547429662,0.0,620283,5178.955462424943,110264.54741375
24438.745356791438,750,6.775180479692523,0.0,369834,3564.128067737139,122062.36786475
24442.760656352468,750,6.759880918661083,0.0,412837,4015.299561031439,108818.539325875
24447.349479963446,750,6.171057307682345,0.0,401088,4588.8236109787385,63814.439946
24452.958975651978,750,4.561561619151211,0.0,365161,5609.495688531133,84306.46551725
24454.74585972164,300,6.774677549492717,0.0,131610,1786.884069658495,69074.853801125
24458.842635576028,750,6.67790169510196,0.0,361565,4096.775854390757,102805.03978775
24462.16419110534,750,7.356346165792045,0.0,378327,3321.555529309915,147090.17857125
24467.1072737183,1200,6.413263552832408,0.0,587506,4943.082612959637,114378.81404725001
24470.481113186772,750,7.039424084357595,0.0,345516,3373.8394684748127,101891.377379625
24474.446487293604,750,7.074049977526061,0.0,384505,3965.374106831535,123462.82140375
24477.678249830315,750,7.842287440818222,0.0,372093,3231.762536707839,126723.37963
24483.42149590726,1200,6.099041363874503,0.0,634861,5743.246076943718,122459.438968875
24487.282713866134,750,6.237823405001063,0.0,398987,3861.2179588734407,120588.97418
24491.128668089394,750,6.391869181741324,0.0,393804,3845.9542232597387,115319.00604437501
24494.771618977018,750,6.74891829411585,0.0,331053,3642.950887625474,85120.4761905
24498.442978439183,750,7.077558831950376,0.0,314107,3671.359462165474,127501.03662750001

