18122.10345353048,750,4.0,1.8471370276969283,450283,1847.1370276969283,246270.7581225
18122.848446899163,300,7.2550066313144255,0.0,155580,744.9933686855745,246270.7581225
18125.68373891059,1200,8.419714619888444,0.0,571051,2835.292011425981,248629.09090875
18128.376458440413,1200,9.726995090067128,0.0,617681,2692.719529821315,263068.15020875004
18132.904165305048,1850,9.199288225430365,0.0,996749,4527.7068646367625,258814.6911525
18135.832108918665,1850,10.271344611815364,0.0,801058,2927.943613615002,332404.04040374997
18139.376683641287,1850,10.726769889191583,0.0,905515,3544.5747226237795,330111.842105
18146.427907248693,2850,7.675546281786119,0.0,1638769,7051.223607405465,204260.04728125
18149.5577799085,1200,8.545673621978443,0.0,584846,3129.8726598076746,252014.7492625
18151.9451067823,1200,10.158346748178683,0.0,560821,2387.3268737997614,272516.98670625
18155.679291950073,1850,10.424161580403073,0.0,939819,3734.185167775609,287839.137645
18161.529261728472,2850,8.574191802004611,0.0,1519951,5849.969778398463,365235.66879
18163.551497927147,1200,10.551955603328715,0.0,624282,2022.2361986758942,279862.6907075
18169.521098367666,2850,8.582355162810236,0.0,1578343,5969.600440518479,263935.0318475
18171.605442569104,1200,10.498010961373303,0.0,526950,2084.344201436931,305392.75766
18176.904403740507,2850,9.199049789970864,0.0,1471065,5298.961171402439,267814.4044325
18181.106711167482,1850,8.996742362994857,0.0,966699,4202.307426976007,247951.9480525
18184.815490577395,1850,9.287962953081099,0.0,885714,3708.779409913759,225011.96581249998
18189.863943250166,1850,8.239510280312208,0.0,987708,5048.45267276889,208419.52232625
18192.473549968465,1200,9.6299035620105,0.0,586839,2609.606718301709,204437.625755
18196.583742643485,1850,9.519710886992513,0.0,891604,4110.192675017986,247318.42818375
18201.0066994666,1850,9.096754063875364,0.0,955231,4422.956823117149,260953.28467125
18205.06654177762,1850,9.036911752856073,0.0,968026,4059.8423110192907,272666.66666625
18209.155528964176,1850,8.947924566300092,0.0,874175,4088.9871865559817,243291.54929624998
18213.04740337779,1850,9.056050152686783,0.0,897976,3891.8744136133078,239257.30180749999
18217.80122815385,1850,8.302225376625136,0.0,905935,4753.824776061647,201913.10751124998
18221.90220560705,1200,8.201247923425264,0.0,696376,4100.977453199872,154313.80753125
18226.04491813014,1200,8.058535400333652,0.0,487160,4142.712523091612,102113.84918675
18233.256628105188,1200,4.8468254252880305,0.0,622896,7211.709975045622,66770.309951
18235.95384478768,300,6.149608742796158,0.0,149029,2697.2166824918727,32221.982758625
18242.688446143682,750,4.0,0.58499261320606,358218,6734.6013560022175,116402.21774187499
18244.172821490178,300,6.515624653506701,0.0,157488,1484.3753464932988,118394.80519475
18247.030872795734,750,7.657573347949658,0.0,369834,2858.051305557043,131628.31858375
18253.85466777213,1200,4.833778371551526,0.0,670129,6823.794976398131,69260.269121875
18256.278855502394,300,6.409590641291225,0.0,179328,2424.1877302603007,87193.40551175001
18259.86079571969,750,6.827650423993446,0.0,365161,3581.94021729778,103491.321762375
18262.440197828942,750,8.248248314742813,0.0,321064,2579.4021092506314,157345.74976125
18266.5958756573,1200,8.092570486383801,0.0,575591,4155.677828359012,143552.02312125
18271.434877989304,1200,7.253568154382264,0.0,605884,4839.002332001538,150118.17501875
18275.0774761816,1200,7.610969962086915,0.0,587506,3642.598192295349,138050.9510875
18279.09776451364,1200,7.590681630044687,0.0,566904,4020.2883320422293,101104.0
18284.91460214105,1200,5.7738440026390565,0.0,641452,5816.83762740563,109197.8305785
18288.47665953655,750,6.21178660713562,0.0,372093,3562.0573955034356,123636.75832125
18293.94684143734,750,4.741604706347619,0.0,438281,5470.181900788001,74004.81347775
18296.35590322438,300,6.332542919308607,0.0,167025,2409.061787039011,92223.416965375
18300.40262456254,750,6.285821581150101,0.0,393804,4046.721338158507,112161.989795875
18303.4152413362,750,7.273204807488842,0.0,331053,3012.616773661259,103498.50924275
18309.913550041183,1200,4.774896102507112,0.0,550906,6498.3087049817295,110657.911595125

