13104.481966997057,750,4.0,2.600378850967279,450283,2600.378850967279,231244.06779625002
13105.270172931218,300,7.21179406583987,0.0,155580,788.2059341601297,231244.06779625002
13108.17141644706,1200,8.310550549995545,0.0,571051,2901.243515844325,187323.28767125
13112.358061340015,1200,8.123905657041128,0.0,617681,4186.644892954418,143618.83067625
13118.349979809218,1200,6.131987187840193,0.0,652874,5991.918469200935,163749.5378925
13120.583135817375,750,7.898831179682191,0.0,318564,2233.1560081580014,138419.6428575
13126.55110880526,1200,5.930858191795858,0.0,561791,5967.972987886333,92258.097686375
13129.79229351329,750,6.689673483766865,0.0,437162,3241.184708028993,132663.98158750002
13132.821566206374,750,7.660400790684002,0.0,374758,3029.2726930828626,122297.04301075
13137.138772238683,1200,7.3431947583749535,0.0,560821,4317.206032309048,164939.36567125
13142.627186884003,1200,5.854780113055196,0.0,607410,5488.414645319757,53167.873601
13151.71041629466,750,4.0,3.228449297601937,405134,9083.229410657133,51241.156653624996
13153.962068351675,300,5.748347942986048,0.0,160746,2251.652057013952,88845.244216
13158.469453078189,750,5.2409632164707345,0.0,434409,4507.384726515314,122572.453371625
13159.752187470853,300,7.95822882380755,0.0,140051,1282.7343926631845,122572.453371625
13167.166694178302,1200,4.543722116359187,0.0,587876,7414.506707448363,137350.5338075
13168.329256931886,300,7.381159362775368,0.0,143509,1162.5627535838182,167884.45891000002
13172.05946959015,1200,7.650946704511651,0.0,581493,3730.212658263717,212704.6568625
13175.545756719557,1200,8.16465957510405,0.0,639204,3486.2871294076003,171877.61194
13180.132617150028,1200,7.577799144635086,0.0,586839,4586.860430468964,105948.207171375
13185.15955722415,1200,6.5508590705127165,0.0,601738,5026.94007412237,152714.28571375
13187.778277939537,750,7.932138355126702,0.0,399894,2618.720715386013,193708.65279249998
13191.467873542928,1200,8.242542751735629,0.0,656471,3689.5956033910743,187697.49727999998
13194.447890408554,1200,9.262525886109795,0.0,536667,2980.0168656258343,158038.90160125
13200.339731575601,1850,7.370684719061508,0.0,897976,5891.841167048287,160259.2012525
13203.905143196183,1200,7.805273098477231,0.0,590335,3565.4116205842765,195911.174785
13209.431898952767,1200,6.278517341894766,0.0,696376,5526.755756582465,117481.987577625
13211.389990863427,750,8.320425431234161,0.0,277716,1958.0919106606036,255340.73106999998
13213.975325891324,1200,9.735090403338654,0.0,622896,2585.3350278955068,158193.87755125
13221.824393486215,1850,5.88602280844738,0.0,975811,7849.067594891274,177073.08377875
13224.797095516513,750,6.913320778150744,0.0,358218,2972.7020302966357,128515.53672374999
13228.878547418957,750,6.831868875704546,0.0,400322,4081.451902446198,163744.70046125
13231.076829066993,750,8.633587227668862,0.0,369834,2198.2816480356846,227155.60166000001
13234.229226639278,1200,9.481189655384584,0.0,670129,3152.397572284279,262835.35528625
13239.230117514688,1850,8.480298779974696,0.0,1026056,5000.890875409888,223939.711665
13241.907146788304,1200,9.803269506357914,0.0,598727,2677.0292736167817,263562.8571425
13244.963761717028,1850,10.746654577634207,0.0,728962,3056.6149287237085,286804.17335500004
13250.627648995602,2850,9.082767299060906,0.0,1499009,5663.8872785733,327906.187625
13253.6577585367,1850,10.052657757962992,0.0,908665,3030.1095410979137,347299.48364875
13256.704325405786,1850,11.006090888876699,0.0,930577,3046.566869086293,371784.27419375
13261.392125720493,2850,10.318290574169943,0.0,1339500,4687.800314706757,383241.57303375
13264.60679057511,1850,11.103625719553998,0.0,1025005,3214.6648546159445,407783.157895
13269.092416980415,2850,10.617999314247042,0.0,1343002,4485.626405306958,218697.59450125002
13274.568288948818,2850,9.142127345846355,0.0,1587250,5475.871968400687,427178.40375625
13276.92910925892,1850,10.781307035743438,0.0,958994,2360.820310102916,442725.49019625003
13280.403922387348,2850,11.30649390731512,0.0,1483527,3474.8131284283186,449502.61780125
13283.389128980076,2850,12.321287314587858,0.0,1231456,2985.2065927272606,161321.34480125
13289.015479773663,4300,10.694936521000033,0.0,2155012,5626.350793587825,503929.4478525001

