25466.192935352883,750,4.0,1.4326655545084757,450283,1432.6655545084757,344530.30303
25466.7482735731,300,7.444661779784371,0.0,155580,555.3382202156292,344530.30303
25468.85764055553,1200,9.335294797356333,0.0,571051,2109.3669824280378,292817.9871525
25473.96928374483,1850,8.223651608051528,0.0,933276,5111.643189304806,326363.8297875
25476.12942354695,1200,10.063511805930752,0.0,652874,2160.1398021207774,324147.70797999995
25478.682370960607,1850,11.510564392272986,0.0,801058,2552.9474136577646,358884.0
25483.021242115134,2850,11.171693237749885,0.0,1388403,4338.871154523103,332359.02255625
25488.46672387858,2850,9.726211474302273,0.0,1638769,5445.481763447611,348281.71334375005
25492.434878961954,1850,9.758056390928923,0.0,852833,3968.1550833733504,199237.58099375
25496.7073820544,1850,9.485553298483966,0.0,913888,4272.5030924449575,257092.08633125003
25500.106001660977,1850,10.086933691907971,0.0,939819,3398.619606575996,274253.7815125
25503.50923106651,1850,10.683704286374747,0.0,917428,3403.2294055332236,337912.109375
25508.094760194304,2850,10.098175158578899,0.0,1422919,4585.529127795847,281964.83180374996
25511.552186413377,1850,10.640748939505858,0.0,1036454,3457.4262190730396,344530.30303
25517.647635808487,2850,8.545299544397482,0.0,1231445,6095.449395108377,94139.24050637499
25519.77316435487,1200,10.419770998015652,0.0,587876,2125.5285463818295,336645.43889875
25524.451827306028,2850,9.741108046854869,0.0,1491626,4678.6629511607825,351017.667845
25527.28189501209,1850,10.911040340795415,0.0,885714,2830.067706059455,341003.83877125004
25532.454875351967,2850,9.738060000917008,0.0,1537156,5172.980339878407,381465.783665
25536.16641897434,1850,10.02651637854211,0.0,923755,3711.5436223748975,181261.36363625
25540.616071728207,1850,9.576863624673909,0.0,891604,4449.652753868203,249460.9929075
25544.13564909029,1850,10.05728626259287,0.0,955231,3519.577362081038,298336.787565
25547.80412691407,1850,10.388808438815376,0.0,968026,3668.4778237774935,317391.14391125
25550.60933315006,1850,11.583602202826192,0.0,874175,2805.206235989184,341042.2885575
25555.247628209632,2850,10.945307143252842,0.0,1383735,4638.295059573352,349500.0
25561.515194952484,2850,8.677740400400605,0.0,1480464,6267.5667428522365,94139.24050637499
25564.559001913964,1200,9.633933438918483,0.0,696376,3043.806961482124,329938.54748625
25567.053058215224,1850,11.139877137661282,0.0,758197,2494.0563012572,347677.90262124996
25571.694313689088,2850,10.498621663798996,0.0,1498470,4641.255473862285,360985.61151125
25576.95977777018,2850,9.233157582708802,0.0,1561263,5265.464081090194,381465.783665
25580.238111115395,1850,9.954824237489397,0.0,873429,3278.3333452194033,200395.73991
25585.086453473083,1850,9.106481879802585,0.0,954453,4848.342357686814,249460.9929075
25588.391154195913,1850,9.801781156975434,0.0,885062,3304.700722827151,298336.787565
25592.307727145733,1850,9.88520820715621,0.0,1035329,3916.5729498192236,317391.14391125
25595.593288405336,1850,10.59964694754974,0.0,1026056,3285.5612596064707,337366.863905
25600.394440122756,2850,9.79849523012802,0.0,1439896,4801.151717421719,344530.30303
25602.99308871314,1850,11.199846639742995,0.0,728962,2598.648590385027,292817.9871525
25609.897498856328,2850,8.295436496555897,0.0,1499009,6904.410143187097,324147.70797999995
25611.893029265597,1200,10.299906087288328,0.0,605884,1995.5304092675713,352010.68376125
25614.80544350225,1850,11.387491850636412,0.0,930577,2912.4142366519163,308425.0
25619.077662810043,2850,11.115272542845087,0.0,1339500,4272.219307791325,317485.48387124995
25624.492622096255,2850,9.700313256631055,0.0,1527299,5414.959286214031,200395.73991
25629.12921123018,1850,9.063724122706901,0.0,886255,4636.589133924155,237707.3732725
25632.858468607777,1850,9.334466745110602,0.0,973972,3729.2573775962987,312146.622735
25636.52838022548,1850,9.664555127404194,0.0,958994,3669.9116177064075,298150.63520875
25639.713299827014,1850,10.47963552587569,0.0,982064,3184.9196015285033,350904.76190499996
25643.90026513207,2850,10.29267022081882,0.0,1231456,4186.96530505687,351397.4358975
25646.66025381267,1850,11.532681540219047,0.0,846370,2759.9886805997744,276908.87290124997

