20044.52887305772,750,4.0,6.819045761582508,450283,6819.045761582508,72900.639819375
20046.475848724836,300,6.053024332886424,0.0,155580,1946.975667113577,91771.238728
20050.29629039138,750,6.232582666343553,0.0,350812,3820.4416665428703,85028.27051
20053.511471535956,750,7.017401521765954,0.0,382355,3215.181144577598,153134.83146125
20056.02146823108,750,8.507404826644123,0.0,411561,2509.996695121832,226321.16788375
20058.00415037811,1200,10.524722679611608,0.0,520315,1982.6821470325137,264273.93225375
20064.60862749322,2850,7.920245564501471,0.0,1388403,6604.477115110138,230828.98172374998
20067.602842157936,1200,8.926030899783576,0.0,709534,2994.2146647178947,313031.00775249995
20070.907304776432,1850,9.621568281287466,0.0,852833,3304.4626184961103,297756.33802875003
20074.898269796213,1850,9.630603261509147,0.0,913888,3990.9650197783176,245337.7659575
20078.954668163708,1850,9.574204894011155,0.0,939819,4056.3983674979936,263779.63525875
20082.80772444376,1850,9.721148613961939,0.0,917428,3853.0562800492153,255811.5330525
20089.153386968905,1850,7.375486088818985,0.0,946851,6345.662525142955,58915.155910125
20101.022428989076,1200,4.0,4.493555931351661,687371,11869.042020170646,93685.59999999999
20102.67601239211,300,6.346416596967326,0.0,140051,1653.5834030326744,93685.59999999999
20105.630861034813,750,7.391567954260735,0.0,366214,2954.848642706591,153415.14143125
20112.181782566277,1200,4.840646422798605,0.0,617242,6550.921531462131,72900.639819375
20114.420787086096,300,6.6016419029775095,0.0,150616,2239.004519821094,91771.238728
20118.808017687752,750,6.214411301318475,0.0,405596,4387.230601659035,85028.27051
20122.178516194068,750,6.843912795004442,0.0,350713,3370.498506314033,153134.83146125
20124.792672482658,750,8.229756506415319,0.0,386472,2614.156288589123,226321.16788375
20127.24042051724,1200,9.782008471833551,0.0,616206,2447.748034581767,264273.93225375
20131.954162363636,1850,9.06826662543451,0.0,968026,4713.74184639904,237243.49881750002
20136.006570993777,1850,9.015857995292842,0.0,874175,4052.4086301416687,223308.79120875
20139.398691012237,1850,9.6237379768336,0.0,897976,3392.120018459242,279166.397415
20143.15684392335,1850,9.865585065720301,0.0,905935,3758.152911113301,231478.89182000002
20147.863929404703,1850,9.158499584366261,0.0,1076599,4707.085481354038,260085.88064
20151.086187783952,1850,9.936241205116938,0.0,758197,3222.2583792493247,265341.01382500003
20155.721596982257,1850,9.300832006815934,0.0,972798,4635.409198301004,149793.0735925
20170.87620764265,1850,4.0,5.8537786535752385,975811,15154.610660391172,93685.59999999999
20172.667925652644,300,6.208281990002343,0.0,157421,1791.7180099976579,135395.604395
20175.514924782983,750,7.3612828596650965,0.0,400322,2846.999130337246,243842.519685
20182.447549079105,1200,4.428658563542549,0.0,584349,6932.624296122547,72900.639819375
20184.645387041997,300,6.230820600649013,0.0,163444,2197.8379628935363,91771.238728
20189.046167689914,750,5.830039952731855,0.0,401088,4400.780647917158,85028.27051
20192.12097627826,750,6.755231364386838,0.0,365161,3074.8085883450162,153134.83146125
20194.239330449476,750,8.636877193171525,0.0,321064,2118.354171215313,226321.16788375
20196.51142335698,1200,10.364784285667467,0.0,575591,2272.0929075040585,264273.93225375
20200.94829071277,1850,9.927916929876192,0.0,908665,4436.867355791275,230643.85297875002
20205.249134004152,1850,9.627073638492222,0.0,930577,4300.84329138397,223308.79120875
20208.513713076452,1850,10.36249456619285,0.0,858450,3264.579072299371,279166.397415
20212.764918864945,1850,10.111288777704726,0.0,1025005,4251.205788488126,231478.89182000002
20216.673249513347,1850,10.202958129299372,0.0,886255,3908.330648405353,260085.88064
20220.75867780858,1850,10.117529834066618,0.0,973972,4085.428295232754,268831.96046125004
20225.552112219604,1850,9.32409542303916,0.0,958994,4793.434411027455,149793.0735925
20241.064756611988,1850,4.0,6.1885489693413325,982064,15512.644392380495,93685.59999999999
20242.443329826805,300,6.621426785182277,0.0,137507,1378.5732148177228,135395.604395
20244.728956767256,750,8.335799844729417,0.0,314107,2285.62694045286,243842.519685

