5.4395307625425735,750,4.0,5.4395307625425735,450283,5439.530762542574,70667.6866585
7.833157630468897,300,5.606373132073677,0.0,155580,2393.6268679263235,72429.02542375
13.65715778875566,750,4.0,0.21762702621308563,350812,5824.000158286763,75134.6004655
15.62943692366273,300,6.02772086509293,0.0,155432,1972.2791349070696,149199.07407375
18.376592660959602,750,7.280565127796058,0.0,411561,2747.1557372968723,154472.3061425
22.012893519231458,1200,7.644264269524205,0.0,520315,3636.300858271853,148117.14507375
26.026186684013094,1200,7.63097110474257,0.0,561791,4013.2931647816363,115203.49650349999
32.536419904953256,1200,5.120737883802404,0.0,709534,6510.233220940166,61848.175965625
34.276175201617264,300,7.380982587138402,0.0,150710,1739.7552966640023,122960.132890375
38.77245485299199,1200,6.884702935763671,0.0,560821,4496.279651374731,124413.86554625
43.06341561246355,750,6.593742176292117,0.0,353220,4290.960759471554,98502.66602037499
48.42782652822078,750,5.229331260534886,0.0,405134,5364.41091575723,56974.95590825
51.239975772778635,300,6.417182015977028,0.0,160746,2812.1492445578588,132219.70357500002
55.04975769749331,750,6.607400091262351,0.0,434409,3809.7819247146767,107132.052076875
58.34229970815034,750,7.314858080605317,0.0,337059,3292.5420106570336,109022.22222225
63.205468591543415,1200,6.451689197212243,0.0,587876,4863.168883393074,169855.7599225
65.78184567384274,750,7.875312114912926,0.0,360831,2576.3770822993165,151206.6601375
69.82691319259486,1200,7.830244596160797,0.0,581493,4045.06751875213,152847.733105
74.63656985197646,1200,7.020587936779207,0.0,639204,4809.65665938159,131961.03896125
77.26996585133269,750,8.387191937422982,0.0,350713,2633.395999356225,170941.72932375
82.04577489293966,1200,7.611382895816014,0.0,601738,4775.809041606968,83833.333333375
87.77855051800213,1200,5.87860727075355,0.0,616206,5732.775625062464,154459.38864625
90.87315046653126,750,6.784007322224428,0.0,401853,3094.599948529121,130336.11574875
93.51768162949041,750,8.139476159265273,0.0,343800,2644.531162959155,160459.53488375
97.62341678620342,1200,8.033741002552256,0.0,587236,4105.735156713017,103883.756345125
105.72129685485073,1200,4.0,0.06413906609505012,590335,8097.880068647306,72429.02542375
109.11915417404336,300,4.6021426808073755,0.0,181901,3397.857319192624,75134.6004655
110.75642954960912,300,6.964867305241617,0.0,111155,1637.2753755657586,75134.6004655
113.90041791880074,750,7.8208789360500015,0.0,400396,3143.988369191616,177768.7969925
118.32015479437477,1200,7.4011420604759754,0.0,641447,4419.736875574026,148117.14507375
122.43411015174004,1200,7.28718670311071,0.0,570392,4113.955357365265,115203.49650349999
127.57881798684073,1200,6.14247886801001,0.0,620283,5144.7078351007,61848.175965625
131.63346437899972,750,6.087832475851006,0.0,369834,4054.646392159004,148311.32844375
135.01397442545064,750,6.707322429400086,0.0,412837,3380.5100464509205,124413.86554625
139.8194984743373,750,5.9017983805134255,0.0,401088,4805.52404888666,98502.66602037499
144.82884420707612,750,4.892452647774598,0.0,365161,5009.345732738828,56974.95590825
147.3117107584873,300,6.409586096363432,0.0,131610,2482.8665514111653,132219.70357500002
150.3686984515854,750,7.352598403265309,0.0,361565,3056.9876930981236,107132.052076875
156.26364308170733,1200,5.457653773143374,0.0,605884,5894.944630121935,110449.903038125
157.66337221605815,300,8.05792463879256,0.0,149991,1399.7291343508134,143807.72324999998
161.62401489698482,1200,8.097281957865864,0.0,566904,3960.642680926697,151206.6601375
166.08617198623327,1200,7.635124868617405,0.0,641452,4462.157089248459,152847.733105
170.58356394693755,1200,7.137732907913146,0.0,599477,4497.391960704259,131961.03896125
173.82072478381437,750,7.9005720710363,0.0,438281,3237.1608368768457,170941.72932375
179.21283774647944,1200,6.508459108371247,0.0,630203,5392.112962665053,110620.84398975
182.87330893463744,750,6.847987920213238,0.0,393804,3660.471188158009,128851.21328249999
185.42497383216073,750,8.29632302268993,0.0,331053,2551.6648975233084,122191.622103375
189.71132901687372,1200,8.009967837976916,0.0,550906,4286.355184713013,160459.53488375

