18687.873765914894,750,4.0,3.7572090788844412,450283,3757.209078884441,142316.4116825
18689.10450052882,300,6.76926538607515,0.0,155580,1230.7346139248493,142316.4116825
18691.824293722402,750,8.049472192492635,0.0,350812,2719.793193582516,129089.99440999998
18700.54479968915,1200,4.0,0.6710337742533957,617681,8720.50596674603,92252.862595375
18702.26275533854,300,6.28204435060885,0.0,163442,1717.955649391149,204703.46320375
18704.46430077224,750,8.080498916906615,0.0,318564,2201.5454337022343,125459.2687625
18710.499679231467,1200,6.045120457678716,0.0,561791,6035.3784592279,66086.18899275
18715.31786526032,750,5.226934428824178,0.0,437162,4818.186028854538,127213.12741374999
18716.578480768723,300,7.9663189204259375,0.0,150710,1260.6155083982408,142527.4027
18723.62785957917,1200,4.916940109977995,0.0,560821,7049.378810447943,36771.982116249994
18727.749539355045,300,4.795260334098258,0.0,141840,4121.679775879737,52701.419055875
18730.948360797316,300,5.5964388918291315,0.0,156148,3198.8214422691267,52701.419055875
18735.651586109976,300,4.893213579168539,0.0,160746,4703.225312660592,35039.804469250004
18740.7931199258,300,4.0,0.24832023664996358,179801,5141.533815818503,38505.201560500005
18743.994321082842,300,4.798798842957191,0.0,140051,3201.201157042809,54271.025168875
18746.870092627454,300,5.923027298342832,0.0,138313,2875.7715446143593,48857.20660425
18758.529065482173,750,4.0,5.735945556374003,360831,11658.972854716834,29322.359600750002
18763.848062103807,300,4.0,1.318996621634431,150616,5318.996621634431,31665.163693374998
18768.930206914727,300,4.0,1.082144810919258,165384,5082.144810919258,40614.890198125
18772.291616273542,300,4.638590641186096,0.0,140881,3361.4093588139044,53290.80291975
18775.514446582292,300,5.415760332434302,0.0,157671,3222.830308751794,51368.608799
18778.59294294133,300,6.3372639733961496,0.0,157812,3078.4963590381517,89579.237288125
18784.35945563899,750,4.570751275737141,0.0,401853,5766.512697659008,41583.353614
18787.75870780443,300,5.171499110295687,0.0,137654,3399.252165441454,62919.042590625
18790.293892886344,300,6.636314028381243,0.0,146754,2535.185081914445,62919.042590625
18801.35444449596,750,4.0,4.424237581230063,379700,11060.551609611306,35174.755069499995
18807.272375302007,300,4.0,1.9179308060473441,181901,5917.930806047344,27492.338441
18811.608297853265,300,4.0,0.3359225512589328,111155,4335.922551258933,27492.338441
18815.683117788078,300,4.0,0.07481993481101108,153605,4074.819934811011,48690.4761905
18820.024699934856,300,4.0,0.3415821467782589,149029,4341.582146778259,30977.635228875
18825.61774289656,300,4.0,1.593042961705295,157421,5593.042961705295,28956.790123500003
18831.12608157669,300,4.0,1.5083386801280732,157488,5508.338680128073,34101.7149615
18835.38026984436,300,4.0,0.25418826766929126,143881,4254.188267669291,47822.564361375
18839.01737465188,300,4.362895192477614,0.0,163444,3637.1048075223857,110657.911595125
18840.802368637876,300,6.577901206484184,0.0,179328,1784.9939859934289,111767.808219125
18844.02748350991,750,7.3527863344464315,0.0,365161,3225.114872037753,151096.59090875
18847.47710100241,1200,7.90316884195053,0.0,487812,3449.617492495902,155961.92203125
18851.23150117138,1200,8.148768672978951,0.0,575591,3754.4001689715783,169137.46856625
18855.081485403658,1200,8.298784440702725,0.0,605884,3849.9842322762247,163557.26257
18859.399349181032,1200,7.980920663325889,0.0,587506,4317.863777376837,149140.767825
18863.146743082827,1200,8.233526761532149,0.0,566904,3747.3939017937405,174440.73190125
18866.53873033784,1200,8.841539506522379,0.0,641452,3391.9872550097707,221049.7311825
18870.731353983774,1850,8.64891586058599,0.0,886255,4192.623645936388,196506.09756125
18874.152865114997,1200,9.227404729364094,0.0,634861,3421.511131221896,201432.54376875
18879.00333842283,1850,8.376931421531573,0.0,958994,4850.473307832521,253091.67842
18882.000410087927,1200,9.37985975643364,0.0,638661,2997.071665097933,269357.47663499997
18885.368366665047,1850,10.0119031793156,0.0,830730,3367.9565771180405,231736.56618624998
18889.159456030244,1850,10.220813814118445,0.0,846370,3791.0893651971564,244733.33333375

