12729.5131729175,750,4.0,1.7282306058808998,450283,1728.2306058809,273963.85542125
12730.190946739891,300,7.32222617760719,0.0,155580,677.7738223928094,273963.85542125
12732.94469498751,1200,8.568477929989736,0.0,571051,2753.748247617454,213332.29329125
12735.583405789346,1200,9.929767128153186,0.0,617681,2638.7108018365507,258160.21361875001
12738.519023922938,1850,10.99414899456144,0.0,996749,2935.618133591744,547057.3065899999
12740.83318003168,2850,12.679992885819773,0.0,1224260,2314.156108741668,532643.431635
12745.60919508759,4300,11.903977829907229,0.0,2157535,4776.015055912546,502172.18542999995
12749.083738643632,2850,12.429434273864665,0.0,1638769,3474.5435560425626,577174.3421049999
12752.86952552053,4300,12.643647396969017,0.0,2055469,3785.7868768956473,547587.2483225
12756.945345708915,4300,12.567827208585262,0.0,2169201,4075.8201883837564,500457.2649575
12761.667224595925,4300,11.845948321575177,0.0,2173522,4721.878887010085,469383.0275225
12765.496473879737,2850,12.016699037762903,0.0,1519951,3829.249283812275,363742.3076925
12771.31652187222,4300,10.196651045279818,0.0,2209463,5820.047992483086,515832.75261374994
12773.822934040587,1850,11.690238876912247,0.0,1036454,2506.4121683675717,414731.06060624996
12777.044407256777,2850,12.468765660723376,0.0,1231445,3221.4732161888696,376479.30283249996
12783.177195290322,4300,10.335977627178007,0.0,2152483,6132.788033545369,439014.742015
12785.514827832989,1850,11.998345084510783,0.0,966699,2337.632542667222,431695.76719625003
12788.41944614283,2850,13.093726774670603,0.0,1358801,2904.6183098401802,493352.07824
12797.111263542285,4300,8.40190937521551,0.0,2220726,8691.817399455094,277208.5967125
12798.970095717494,1200,10.543077200006406,0.0,586839,1858.8321752091028,420616.36828625
12802.06166839083,2850,11.451504526668955,0.0,1415116,3091.5726733374495,480849.52978
12805.531462446532,2850,11.981710470968393,0.0,1468126,3469.7940557005622,478512.0
12808.656623044362,2850,12.856549873137679,0.0,1505760,3125.160597830714,537431.6109425001
12812.785723393163,4300,12.727449524336857,0.0,2044075,4129.100348800823,548594.24920125
12817.472529675657,4300,12.040643241842517,0.0,2186790,4686.80628249434,352180.2973975
12824.049048361969,4300,9.464124555530276,0.0,2105231,6576.518686312242,291841.58415875
12827.150561811797,1850,10.362611105700923,0.0,1076599,3101.5134498293537,427144.82758625
12828.733151474067,1850,12.78002144343048,0.0,758197,1582.5896622704415,570768.59504125
12834.159696339899,4300,11.35347657759852,0.0,2134614,5426.544865831959,338364.93738875
12838.049945075296,2850,11.463227842203073,0.0,1561263,3890.2487353954475,438733.49633249996
12842.390728383327,2850,11.122444534172363,0.0,1341201,4340.783308030713,251647.30878125003
12849.143553929081,2850,8.36961898841833,0.0,1497683,6752.825545754033,314761.384335
12851.522254670439,1200,9.990918247059334,0.0,584349,2378.7007413589963,219058.97435874998
12856.901323975995,1850,8.611848941503412,0.0,1035329,5379.0693055559195,308415.54559
12859.135016648948,1200,10.37815626855112,0.0,690253,2233.692672952293,355962.9629625
12861.360814263022,1850,12.152358654478013,0.0,943942,2225.797614073107,554518.2926825
12866.582807805575,4300,10.930365111923482,0.0,1919781,5221.99354255453,323053.79310375
12875.781478718687,2850,5.731694198812984,0.0,1499009,9198.670913110498,118158.7759815
12880.795600286676,750,4.717572630824487,0.0,378327,5014.121567988496,101826.278659625
12882.158680186722,300,7.354492730776849,0.0,149991,1363.0799000476381,278972.0101775
12884.337805639094,1200,9.175367278405872,0.0,566904,2179.125452370977,273963.85542125
12888.98309831064,1850,8.530074606859605,0.0,1025005,4645.292671546267,258160.21361875001
12891.456317541852,1200,10.056855375649604,0.0,599477,2473.2192312100005,513362.2047250001
12893.444861701775,1850,12.068311215725378,0.0,973972,1988.5441599242251,566036.58536625
12897.878550098067,4300,11.63462281943428,0.0,2124950,4433.688396291097,531500.0
12901.023455561406,2850,12.489717356095046,0.0,1483527,3144.9054633392348,553421.46596875
12904.791546623705,4300,12.721626293796108,0.0,1961140,3768.0910622989372,536573.57357375
12908.871741156583,4300,12.641431760917708,0.0,2155012,4080.1945328783986,549241.26984125

