18312.256084911147,750,4.0,2.342534869962582,450283,2342.534869962582,165307.7544425
18313.326772986275,300,6.929311924870432,0.0,155580,1070.6880751295678,165307.7544425
18315.94816183958,750,8.307923071561744,0.0,350812,2621.3888533086892,212067.95225
18318.379315087408,1200,9.8767698237368,0.0,617681,2431.1532478249455,291712.3493975
18321.77202019237,1850,10.484064718773443,0.0,996749,3392.7051049633556,323906.76416875
18325.52443617296,2850,10.731648738186053,0.0,1224260,3752.4159805873896,332234.1137125
18330.184423718216,2850,10.071661192930314,0.0,1388403,4659.987545255739,313722.0630375
18335.231029931627,1850,9.025054979515328,0.0,1060487,5046.606213414987,156383.71040749998
18338.958372825608,1850,9.297712085535478,0.0,852833,3727.342893979849,284186.00953875
18342.468362592925,1850,9.787722318220244,0.0,913888,3509.989767315235,315179.21147
18345.533609774222,1850,10.722475136925457,0.0,939819,3065.247181294786,361374.47698750003
18350.244536869046,2850,10.011548042100985,0.0,1519951,4710.927094824471,350314.23611125
18353.204567617267,1850,11.0515172938791,0.0,946851,2960.030748221886,341572.2772275
18358.34930683908,2850,9.906778072064267,0.0,1578343,5144.739221814833,272868.0
18362.311019601686,1850,9.945065309458888,0.0,821631,3961.712762605376,218238.026125
18366.596200526074,1850,9.659884385072383,0.0,923170,4285.1809243865055,256344.692005
18370.20487538809,1850,10.051209523052032,0.0,966699,3608.674862020351,300074.68123875
18373.744683511497,1850,10.511401399648097,0.0,885714,3539.808123403935,311671.57894750003
18379.545559408016,2850,8.710525503127597,0.0,1537156,5800.8758965205,241080.597015
18382.199159320757,1200,10.056925590388651,0.0,586839,2653.5999127389464,236717.80821875
18387.907584206838,1850,8.348500704306073,0.0,891604,5708.424886082578,244715.48117125
18391.249702559857,1200,9.00638235128569,0.0,616206,3342.1183530203825,201494.140625
18396.062507191422,1850,8.193577719722587,0.0,968026,4812.804631563104,215555.17633624998
18399.336112079327,1200,8.91997283182044,0.0,536667,3273.6048879021478,176242.2480625
18405.00061179455,1850,7.255473116596925,0.0,897976,5664.499715223515,199862.23862249998
18408.942323873005,1200,7.313761038141523,0.0,590335,3941.712078455402,129579.545455
18413.481545741768,1200,6.774539169382021,0.0,696376,4539.221868759502,226871.79487125
18415.365897326566,750,8.890187584583217,0.0,277716,1884.3515847988042,151012.39067
18422.500020459796,1850,5.756064451353576,0.0,972798,7134.12313322964,154859.69868124998
18425.952177671246,750,6.303907239904584,0.0,400508,3452.1572114489927,126382.62476875
18428.954142350212,750,7.301942560940822,0.0,358218,3001.964678963762,120234.016139
18434.010555153975,1200,6.245529757179587,0.0,620283,5056.4128037612345,110130.067567625
18437.951198243234,750,6.304886667917709,0.0,369834,3940.6430892618782,77579.439252375
18442.369892150786,750,5.8861927603673445,0.0,412837,4418.693907550364,67932.674716375
18451.69496587901,750,4.0,3.4388809678582892,401088,9325.073728225634,49068.088597250004
18453.627280982848,300,6.06768489616391,0.0,159914,1932.31510383609,55080.676462375
18459.516360352303,750,4.178605526707414,0.0,321064,5889.079369456496,45052.95191725
18462.49379302168,300,5.201172857331949,0.0,124011,2977.4326693754642,45052.95191725
18464.378541004025,300,7.316424874985418,0.0,144254,1884.7479823465305,89556.10236225
18468.660453893026,1200,7.034511985984846,0.0,587506,4281.912889000572,202074.28571375
18470.609384715415,750,9.085581163594725,0.0,345516,1948.9308223901216,187810.53604375
18477.32616493244,1850,6.368800946567449,0.0,1025005,6716.780217027276,175296.01989999998
18479.426244371818,750,8.268721507191911,0.0,372093,2100.079439375538,202208.28402375
18483.923186736836,1200,7.771779142172601,0.0,634861,4496.942365019309,104057.529610875
18488.20639831464,1200,7.488567564368306,0.0,630203,4283.211577804296,149522.1757325
18493.378166275743,1200,6.316799603264795,0.0,638661,5171.76796110351,146537.5096675
18495.207499279557,750,8.487466599450979,0.0,331053,1829.3330038138154,199976.71568625
18497.709404718607,1200,9.985561160400577,0.0,550906,2501.905439050402,254304.95356

