8701.974218260866,750,4.0,2.288238812003366,450283,2288.238812003366,157666.40986125
8703.092920297631,300,6.8812979632329325,0.0,155580,1118.7020367670673,157666.40986125
8705.357629808075,750,8.616588452788728,0.0,350812,2264.709510444204,185794.04666125
8708.46749324626,1200,9.506725014603296,0.0,617681,3109.8634381854313,313899.35064875
8712.717200379617,1850,9.25701788124711,0.0,996749,4249.707133356186,238653.75
8715.853882750518,1850,10.120335510346512,0.0,801058,3136.6823709005967,250617.31843625
8720.199237253559,1850,9.774981007306673,0.0,905515,4345.354503039839,211111.36891000002
8724.827190445947,1850,9.147027814917465,0.0,1060487,4627.953192389208,133905.44217625
8729.965232547516,1850,8.008985713348485,0.0,852833,5138.042101568979,259713.75921375002
8732.206338629332,1200,9.76787963153331,0.0,560821,2241.106081815177,290095.07640125
8736.17628270463,1850,9.797935556234973,0.0,939819,3969.9440752983346,255675.34076874997
8740.554600948795,1850,9.419617312068892,0.0,917428,4378.318244166081,201996.80170625
8744.25499572328,1850,9.719222537583788,0.0,946851,3700.3947744851052,267995.10603625
8749.50166492827,1850,8.472553332594686,0.0,1036454,5246.669204989102,195855.71428625
8751.646418472903,1200,10.327799787961464,0.0,526950,2144.753544633222,288451.50501625
8754.486336016795,1850,11.487882244068798,0.0,923170,2839.9175438926645,465593.25842749997
8760.50701483288,2850,9.467203427983412,0.0,1491626,6020.678816085387,284245.74669125
8763.991615885401,1850,9.982602375462037,0.0,885714,3484.601052521376,255651.66666625
8768.809139527048,1850,9.165078733816909,0.0,987708,4817.523641645128,212668.95761749998
8773.137396954404,1850,8.836821306459823,0.0,923755,4328.257427357084,263893.04812875
8776.969475818689,1850,9.004742442175756,0.0,891604,3832.078864284069,318281.97674375
8782.478122906035,1850,7.496095354828491,0.0,955231,5508.647087347264,178766.89520125
8785.799841817992,1200,8.174376442871694,0.0,656471,3321.7189119567975,213304.34782624998
8788.924596973475,1200,9.049621287387636,0.0,536667,3124.7551554840584,172697.83464625
8793.265654373134,1850,8.708563887729175,0.0,897976,4341.057399658461,200537.59820375
8795.9060141164,1200,10.068204144463998,0.0,590335,2640.3597432651763,230502.43308999998
8800.14045088685,1850,9.833767374011371,0.0,1076599,4234.436770452628,250766.76384875
8802.843784203207,1850,11.130434057655544,0.0,758197,2703.3333163558273,302835.61643875
8808.377779122742,2850,9.596439138121568,0.0,1498470,5533.994919533976,216272.44258875
8813.28462994243,1850,8.68958831843536,0.0,975811,4906.850819686208,292115.45293125004
8816.908869035877,1200,9.065349224985857,0.0,570392,3624.239093449503,92368.62184075
8823.086929005898,1850,6.887289254965127,0.0,954453,6178.05997002073,182280.8641975
8825.194434272593,750,8.779783988270173,0.0,369834,2107.505266694954,202034.92063500002
8828.321917800511,1200,9.65230046035347,0.0,670129,3127.4835279167037,301077.1812075
8832.053712077126,1850,9.920506183737949,0.0,1026056,3731.7942766155215,391243.6647175
8835.44883360768,1850,10.525384653184913,0.0,943942,3395.1215305530345,263508.7014725
8840.65781899379,2850,9.316399267073171,0.0,1139291,5208.9853861117435,230174.262735
8844.594991935139,1850,9.37922632572436,0.0,938587,3937.172941348809,357365.74074125
8848.196841427893,1850,9.777376832971271,0.0,908665,3601.8494927530905,211152.06812625
8852.821574713553,1850,9.1526435473107,0.0,930577,4624.733285660572,104230.372492875
8857.282668550915,1850,8.691549709946448,0.0,858450,4461.093837364251,264208.13008125
8859.947161879925,1200,10.027056380936683,0.0,641452,2664.4933290097656,308189.18918875
8863.675029554128,1850,10.29918870673373,0.0,886255,3727.8676742029534,239237.5366575
8867.369758256795,1850,10.604460004066986,0.0,973972,3694.7287026667427,317781.0559
8873.4996844275,2850,8.47453383336143,0.0,1464921,6129.926170705557,207624.588365
8876.716735515196,1200,9.257482745664904,0.0,638661,3217.0510876965272,192583.6956525
8882.900947558139,1850,7.073270702722579,0.0,830730,6184.212042942325,194411.70097499999
8885.197461897049,750,8.776756363811579,0.0,314107,2296.5143389109994,172761.73913

