18500.703302301194,750,4.0,2.993897582587049,450283,2993.897582587049,104895.43823675001
18502.251550150362,300,6.451752150834994,0.0,155580,1548.247849165005,261880.57324875004
18503.73108443044,750,8.972217870753877,0.0,350812,1479.534280081118,266984.97109875
18506.688346762192,1850,10.014955539005472,0.0,933276,2957.262331748405,358231.06060624996
18509.814459426183,1850,10.888842875015095,0.0,996749,3126.1126639903764,315101.62601625
18513.65764142075,2850,11.04566088044871,0.0,1224260,3843.1819945663865,307426.66666625004
18517.678042624822,2850,11.025259676373313,0.0,1388403,4020.401204075396,270948.0
18523.171510927412,2850,9.53179137378522,0.0,1638769,5493.468302588093,273741.1944875
18526.283450023162,1850,10.419852278034526,0.0,852833,3111.939095750693,292252.12464625
18531.249277696494,2850,9.454024604702605,0.0,1429765,4965.827673331923,266689.14956
18535.224415362933,1850,9.478886938264662,0.0,939819,3975.1376664379445,277757.26495750004
18538.659276566665,1850,10.044025734530424,0.0,917428,3434.861203734238,259948.94561624998
18542.67010025,1850,10.033202051192585,0.0,946851,4010.823683337838,239802.08333375
18546.840659688114,1850,9.862642613081128,0.0,1036454,4170.559438111457,275941.2751675
18549.710603692434,1850,10.992698608762378,0.0,821631,2869.944004318751,286038.46153875004
18555.440644500144,2850,9.262657801053622,0.0,1471065,5730.040807708754,309949.91652749997
18559.08690693535,1850,9.616395365849792,0.0,966699,3646.26243520383,295497.0059875
18562.861343010845,1850,9.841959290351301,0.0,885714,3774.4360754984905,224955.4707375
18567.157058315282,1850,9.546243985915698,0.0,987708,4295.715304435604,275711.4803625
18570.76781774727,1850,9.935484553927928,0.0,923755,3610.75943198777,273823.71794875
18574.451839263384,1850,10.251463037812915,0.0,891604,3684.0215161150145,247695.07803124998
18578.55597834069,1850,10.147323960507583,0.0,955231,4104.139077305331,250294.58388375
18582.896940216353,1850,9.806362084845777,0.0,968026,4340.9618756618065,211702.31958749998
18588.373363059847,1850,8.329939241349551,0.0,874175,5476.422843496223,191609.9674975
18591.725643833095,1200,8.977658468105544,0.0,587236,3352.280773244009,126000.0
18596.90398439775,1850,7.799317903448547,0.0,905935,5178.340564656995,227180.92105250002
18600.823094596108,1200,7.880207705093526,0.0,696376,3919.1101983550216,193981.99052125
18604.08533592277,1200,8.61796637843108,0.0,487160,3262.2413266624467,164160.86434625
18610.327104311284,1200,6.376197989916547,0.0,622896,6241.7683885145325,123141.927083375
18613.144334223947,750,7.558968077250858,0.0,400508,2817.229912665689,262538.25503375
18615.38993407882,1200,9.313368222378802,0.0,570392,2245.5998548720563,289775.700935
18618.96874873606,1850,9.734553565138821,0.0,954453,3578.8146572399805,284636.10315125
18622.44218872368,1850,10.261113577519058,0.0,885062,3473.439987619764,263594.95549
18626.671120713272,1850,10.032181587929182,0.0,1035329,4228.931989589876,258025.55910500002
18631.167767975316,1850,9.535534325885171,0.0,1026056,4496.647262044011,202447.86729875
18635.043921330303,1850,9.659380970896606,0.0,943942,3876.1533549885667,337692.3076925
18637.836554767153,1850,10.866747534044904,0.0,728962,2792.633436851702,229585.97883625
18644.004187970026,2850,8.699114331169952,0.0,1499009,6167.633202874952,216657.43073
18646.955398120645,1200,9.747904180550476,0.0,605884,2951.2101506194763,210188.54166625
18651.40525396698,1850,9.298048334215702,0.0,930577,4449.8558463347745,266866.85962375003
18654.735049930558,1850,9.968252370637739,0.0,858450,3329.795963577962,271189.79057625
18658.870023735013,1850,9.833278566181008,0.0,1025005,4134.973804456731,263331.81299875
18661.942409324885,1850,10.760892976308773,0.0,886255,3072.385589872236,359593.15589375
18667.853376835297,2850,8.849925465896193,0.0,1587250,5910.96751041258,355330.69306874997
18671.469645738405,1850,9.233656562790083,0.0,958994,3616.2689031061095,280318.43575375
18675.021968907957,1850,9.681333393239743,0.0,982064,3552.3231695503405,324820.13201375
18678.1701961056,1850,10.533106195596222,0.0,830730,3148.2271976435213,300006.944445
18684.11655683601,2850,8.58674546518748,0.0,1364537,5946.360730408741,237981.54556

