795.9677900266356,750,4.0,3.9127276647253035,450283,3912.7276647253034,121166.96269987499
797.399383046742,300,6.568406979893699,0.0,155580,1431.593020106301,121166.96269987499
799.9919217564349,750,7.97586827020079,0.0,350812,2592.5387096929094,163440.90587375
803.7371668731895,1200,8.230623153446178,0.0,617681,3745.2451167546114,172953.4883725
809.1278149685905,1200,6.839975058045135,0.0,652874,5390.648095401044,110942.144072625
812.3036604409575,750,7.664129585678089,0.0,318564,3175.8454723670457,97808.913934375
818.9704430991824,1200,4.997346927453229,0.0,561791,6666.78265822486,130230.03952625001
820.2097709244371,300,7.758019102198515,0.0,173849,1239.3278252547132,184991.7525775
823.6563907435075,1200,8.311399283128159,0.0,584846,3446.6198190703562,178797.10144875
826.9802562381669,1200,8.987533788468696,0.0,560821,3323.8654946594643,179820.8502025
832.2959902435164,1850,7.671799783119182,0.0,939819,5315.734005349514,188696.26168250002
835.8598902008716,1200,8.107899825763921,0.0,594078,3563.8999573552614,172631.36863125
840.0363793136563,1200,7.931410712979171,0.0,624282,4176.48911278475,130762.98463749999
846.1336632562694,1200,5.834126770366154,0.0,687371,6097.283942613017,72168.59041625
851.6071332867806,750,4.3606567398549805,0.0,337059,5473.470030511174,58293.006297625005
853.0845406957905,300,6.883249330845052,0.0,138313,1477.407409009928,143863.92914625
856.1061961617464,750,7.861593864889034,0.0,360831,3021.655465956018,109284.902084625
863.6868628868496,1200,4.28092713978593,0.0,581493,7580.666725103105,170870.1570675
865.164303340838,300,6.803486685797459,0.0,165384,1477.4404539884697,120691.439946875
868.29661795799,750,7.671172068645549,0.0,350713,3132.31461715191,124361.09008325
873.5714385538865,1200,6.396351472748958,0.0,601738,5274.820595896591,123488.984088125
877.1107216663961,750,6.8570683602393325,0.0,399894,3539.283112509626,128852.44360875
880.9427471501493,750,7.025042876486174,0.0,401853,3832.0254837531584,111863.81322962501
886.5153205107277,750,5.4524695159078265,0.0,343800,5572.573360578348,39984.506133
889.7065658848461,300,6.2612241417893335,0.0,146754,3191.2453741184927,46405.00568825
896.5209420032677,750,4.0,0.5531519766322736,379700,6814.376118421607,60920.0235225
901.2445230012543,300,4.0,0.723580997986618,181901,4723.580997986618,41131.495029125
903.4465460785807,300,5.797976922673674,0.0,111155,2202.023077326327,63969.49475687499
912.4412016772678,750,4.0,3.196678676013489,400396,8994.655598687163,43427.779244749996
917.5614540427068,300,4.0,1.120252365439027,149029,5120.252365439027,29787.437121125
923.0425976821035,300,4.0,1.481143639396687,157421,5481.143639396687,32107.5369805
926.7356791770009,300,4.306918505102582,0.0,157488,3693.0814948974185,74623.325062
928.9739863047952,300,6.068611377308359,0.0,143881,2238.3071277942213,66677.10843374999
934.3613786557721,750,4.681219026331416,0.0,412837,5387.392350976944,112186.239620375
936.0243347138423,300,7.01826296826115,0.0,179328,1662.9560580702657,126351.72981875001
938.7121714073481,750,8.330426274755439,0.0,365161,2687.836693505712,137027.8422275
943.957449993169,1200,7.085147688934469,0.0,487812,5245.27858582097,98650.37194475
950.330272893821,750,4.71232478828257,0.0,361565,6372.822900651899,39542.089026
954.3950835692513,300,4.647514112852311,0.0,144254,4064.810675430259,35365.932294499995
958.3395454876438,300,4.703052194459719,0.0,149991,3944.4619183925915,50579.42973525
961.8063715446474,300,5.236226137456155,0.0,147968,3466.826057003565,29605.80380075
967.6639823734184,300,4.0,0.621384691314871,161857,5857.610828771026,29338.882283
972.3009230339417,300,4.0,0.6369406605232271,145210,4636.940660523227,39338.089061875
977.041107767883,300,4.0,0.7401847339413489,172312,4740.184733941349,38186.453576875
981.494136539134,300,4.0,0.45302877125114266,167025,4453.028771251143,50993.9724455
984.8092836613981,300,4.684852877735961,0.0,160064,3315.147122264039,66672.32277525
987.0602626299012,300,6.433873909232894,0.0,137507,2250.9789685030673,66672.32277525
992.5713102815924,750,4.922826257541596,0.0,314107,5511.047651691298,58310.186513625

