12531.809692929677,750,4.0,6.650702047500183,450283,6650.702047500184,47422.433679375
12535.018024971056,300,4.7916679586228605,0.0,155580,3208.33204137714,55850.544135375
12537.771122750024,300,6.038570179654275,0.0,139857,2753.0977789685853,47930.599369125
12545.51664804993,750,4.0,1.706955120251645,382355,7745.525299905919,90091.627907
12547.740089250436,300,5.776558799494227,0.0,163442,2223.441200505773,72556.097561
12552.444576713488,750,5.072071336441857,0.0,318564,4704.48746305237,64019.61602675001
12555.102504643279,300,6.41414340665101,0.0,153295,2657.9279297908465,56091.482649875
12562.613361683509,750,4.0,1.096713633580006,437162,7510.857040231016,86665.002269625
12564.591535887103,300,6.021825796406544,0.0,150710,1978.1742035934556,78976.0570555
12569.324638244327,750,5.288723439181467,0.0,362795,4733.102357225077,94624.353819625
12570.956938156454,300,7.656423527055511,0.0,141840,1632.2999121259554,98540.36243825
12577.706186268751,1200,4.907175414758365,0.0,594078,6749.248112297147,95573.91865725
12579.583063422724,300,7.030298260784298,0.0,160746,1876.8771539740667,89468.0432645
12584.673692148051,750,5.9396695354559945,0.0,434409,5090.628725328304,88301.689860875
12589.197344995227,750,5.416016688281059,0.0,337059,4523.652847174935,69605.212968875
12591.190919557903,300,7.422442125605267,0.0,138313,1993.5745626757928,78642.02786375
12597.942239153559,1200,4.6711225299494465,0.0,617242,6751.31959565582,129264.16430625001
12599.24874426227,300,7.3646174212395055,0.0,150616,1306.505108709941,129264.16430625001
12604.752134129303,1200,5.861227554206463,0.0,639204,5503.389867033042,85390.304847625
12609.496640807783,750,5.116720875725835,0.0,350713,4744.506678480629,79574.149659875
12611.661674110579,300,6.95168757292984,0.0,157671,2165.033302795995,79695.032397375
12616.352997216454,750,6.260364467055215,0.0,399894,4691.323105874625,126195.718655
12619.70093706045,750,6.912424623059309,0.0,401853,3347.939843995906,129103.3237
12623.32339479332,750,7.289966890188987,0.0,343800,3622.4577328703217,80651.74825175
12631.639593605043,1200,4.0,1.0262319215333227,587236,8316.19881172231,71696.397188
12634.778737709603,300,4.860855895440489,0.0,153938,3139.1441045595116,52340.143884875
12638.385409241404,300,5.254184363638238,0.0,181901,3606.671531802251,54702.027622625
12639.626456311704,300,8.013137293338039,0.0,111155,1241.0470703002,147337.21973125
12644.959425721561,1200,6.6801678834819,0.0,622896,5332.969409856138,105699.842849625
12650.246989092151,750,5.392604512893252,0.0,400508,5287.5633705886485,58142.0695505
12653.893871725571,300,5.745721879471839,0.0,157421,3646.8826334214127,47315.959596
12662.130666403365,750,4.0,2.491072798322595,400322,8236.794677794434,49798.81177425
12665.25197760768,300,4.878688795686485,0.0,143881,3121.3112043135147,49798.81177425
12668.990039089715,300,5.140627313652512,0.0,163444,3738.0614820339724,85964.1728135
12670.990445446652,300,7.140220956716389,0.0,179328,2000.4063569361233,107463.174273875
12674.550470930146,750,7.580195473220891,0.0,365161,3560.0254834954985,121885.49193999999
12678.536696398894,1200,7.5939700044722365,0.0,487812,3986.225468748654,133816.92432875
12682.937489896964,1200,7.193176506403196,0.0,575591,4400.793498069041,140005.5865925
12686.510715100767,750,7.619951302600801,0.0,378327,3573.225203802395,94001.94457949999
12698.439782418494,1200,4.0,4.30911601512685,587506,11929.067317727651,55220.496894375
12701.670705863979,300,4.769076554516109,0.0,147968,3230.923445483892,44438.675696
12705.661656196477,300,4.778126222018561,0.0,161857,3990.9503324975476,42146.357615875
12709.166708680068,300,5.273073738428773,0.0,145210,3505.052483589788,72749.882684125
12711.588877286247,300,6.850905132247345,0.0,172312,2422.1686061814285,101675.794085375
12715.272783018794,750,7.166999399702173,0.0,398987,3683.9057325451713,115843.77017425
12719.82835832175,750,6.611424096746412,0.0,393804,4555.575302955761,92536.5626455
12723.114180376995,750,7.325602041502028,0.0,331053,3285.8220552443836,127973.277075
12727.784942311617,1200,6.654840106880241,0.0,550906,4670.761934621788,120282.312925125

