26033.02942582916,750,4.0,3.252274383373264,450283,3252.2743833732643,183214.861235
26034.00328574832,300,7.026140080838887,0.0,155580,973.8599191611128,183214.861235
26035.75920890057,750,9.270216928590129,0.0,350812,1755.923152248758,296459.5635425
26039.323991030073,1850,9.705434799088534,0.0,933276,3564.782129501595,332418.27768
26042.738118523637,1850,10.291307305519997,0.0,996749,3414.127493568537,339978.070175
26046.30932895102,1850,10.720096878139978,0.0,801058,3571.210427380017,290887.26207875
26052.42173180071,2850,8.607694028450977,0.0,1388403,6112.402849689003,340027.95031
26054.9023264687,1200,10.127099360459624,0.0,709534,2480.5946679913523,286143.39622625
26058.200724191676,1850,10.828701637480316,0.0,852833,3298.397722979307,271693.037975
26066.239202227294,2850,6.790223601862934,0.0,1429765,8038.478035617383,239837.5838925
26067.78247936889,750,9.2469464602694,0.0,353220,1543.277141593533,306734.04255375
26071.52252254956,1850,9.506903279597754,0.0,917428,3740.043180671647,245906.20871875
26075.2011357802,1850,9.828290048955783,0.0,946851,3678.6132306419713,289084.52722125
26079.420642284025,1850,9.608783545130375,0.0,1036454,4219.506503825409,250718.02325625
26083.106178200887,1850,9.923247628269054,0.0,821631,3685.5359168613204,228685.43046375
26089.6271122092,1850,7.402313619953701,0.0,923170,6520.934008315354,179302.79503125
26093.60258900124,1200,7.426836827916304,0.0,617242,3975.476792037397,136118.76317624998
26097.98917111685,1200,7.040254712306992,0.0,581493,4386.5821156093125,126269.20593874999
26100.64119621106,750,8.388229618091325,0.0,405596,2652.0250942156667,145520.57926875
26103.59005932624,1200,9.43936650291168,0.0,586839,2948.863115179646,255809.00621125003
26107.78043027138,1850,9.2489955577756,0.0,891604,4190.37094513608,232773.58490625
26113.9682073886,1850,7.061218440556448,0.0,955231,6187.777117219152,99759.941089875
26117.284097739128,750,7.7453280900284955,0.0,401853,3315.8903505279536,192792.36043125
26121.80353365417,1200,7.225892174985869,0.0,536667,4519.435915042626,326661.62570875004
26123.827974518743,1200,9.201451310413102,0.0,587236,2024.4408645727676,285729.09699
26127.69356764739,1850,9.335858181764076,0.0,905935,3865.5931286490263,242357.92778625002
26132.321286852086,1850,8.708138977070975,0.0,1076599,4627.7192046931,176747.2014925
26135.2015424784,1200,9.827883350753732,0.0,487160,2880.255626317244,166511.22449
26138.95151618262,1850,10.077909646533922,0.0,972798,3749.9737042198094,176043.336945
26146.42869081251,1850,6.600735016644774,0.0,975811,7477.174629889147,229172.21135
26149.03713461544,750,7.992291213713518,0.0,358218,2608.443802931256,123018.679119375
26153.269309352756,1200,7.760116476396032,0.0,620283,4232.174737317486,175435.22438625002
26156.847165439736,1200,8.182260389414221,0.0,584349,3577.8560869818107,191800.3748825
26159.36376149757,1200,9.665664331579602,0.0,670129,2516.5960578346194,337901.123595
26162.841214875665,1850,10.18821095348645,0.0,1026056,3477.4533780931533,190448.88023375
26167.081840240502,1850,9.947585588650345,0.0,943942,4240.625364836106,360483.58862125
26169.90264546989,1850,11.126780359260653,0.0,728962,2820.80522938969,453877.95275625
26173.812826670364,2850,11.216599158785362,0.0,1499009,3910.181200475292,382215.53398
26181.570762872034,2850,7.458662957116129,0.0,1427478,7757.936201669233,118574.6009715
26188.394927218807,1200,4.634498610341332,0.0,587506,6824.164346774797,105666.666666625
26190.157626373282,300,6.871799455864492,0.0,147968,1762.69915447684,89809.19139037501
26192.6386266696,750,8.390799159545931,0.0,384505,2481.0002963185616,210875.29976
26196.57025349177,1200,8.459172337376382,0.0,599477,3931.6268221695495,140662.95471375002
26201.95443436665,1200,7.074991462494221,0.0,634861,5384.18087488216,115701.01781175
26204.55190315545,750,8.477522673696225,0.0,398987,2597.4687887979967,182737.48609625
26207.804677858054,1200,9.22474797109028,0.0,638661,3252.7747026059433,269760.69518750004
26211.488842690283,1850,9.540583138860958,0.0,830730,3684.1648322293217,292401.9975025
26214.499426321207,1850,10.529999507943083,0.0,846370,3010.583630917876,296407.7253225

