15219.215156535316,750,4.0,4.722418988271614,450283,4722.418988271614,117345.75688074999
15220.690762353592,300,6.524394181725228,0.0,155580,1475.6058182747722,117345.75688074999
15223.311667059234,750,7.903489476083325,0.0,350812,2620.9047056419035,165906.609195
15228.026386461046,1200,7.188770074271745,0.0,617681,4714.71940181158,154196.17224875002
15231.146463921223,750,8.068692614095353,0.0,411561,3120.077460176392,142292.20779249998
15235.105080247991,1200,8.110076287326864,0.0,520315,3958.6163267684897,121529.59898149999
15240.183037236398,1200,7.032119298918916,0.0,561791,5077.956988407947,99722.15496362501
15245.106995195056,750,6.1081613402619315,0.0,437162,4923.957958656984,106930.95044675
15249.255681880963,750,5.959474654354421,0.0,374758,4148.686685907511,76154.32098762499
15255.263564298708,750,4.0,0.04840776339135027,362795,6007.882417745771,58979.723773125
15257.823493551832,300,5.4400707468762,0.0,141840,2559.9292531237998,64816.855162374995
15260.461473665506,300,6.80209063320316,0.0,156148,2637.9801136730403,58548.013245
15266.131875531588,750,5.13168876712158,0.0,386351,5670.40186608158,111654.395604375
15267.911453499813,300,7.352110798897271,0.0,179801,1779.5779682243087,111084.08577875
15272.107168744906,1200,7.156395553804714,0.0,526950,4195.715245092557,128626.49753375
15275.249619008435,750,8.013945290274046,0.0,366214,3142.4502635306667,102475.52108575
15283.854331146174,1200,4.0,0.5907668474656366,617242,8604.712137739683,78780.520052875
15286.28772342682,300,5.566607719354248,0.0,150616,2433.3922806457517,66816.831683125
15288.507779121484,300,7.346552024690904,0.0,165384,2220.0556946633433,85493.04911949999
15295.704547061325,1200,4.149784084852188,0.0,586839,7196.767939838716,92340.5684755
15297.581909547005,300,6.272421599172388,0.0,157671,1877.3624856798008,92340.5684755
15301.910159752293,750,5.944171393884838,0.0,399894,4328.250205287549,95308.350100625
15306.421641672508,750,5.432689473668159,0.0,401853,4511.48192021668,90155.24861875
15308.095137885552,300,7.759193260625823,0.0,137654,1673.496213042335,92279.0461695
15317.02979870083,1200,4.0,1.1754675546515228,587236,8934.660815277346,66780.279503125
15319.734454760091,300,5.295343940738401,0.0,153938,2704.656059261599,59048.122866875
15322.420202721743,300,6.609595979087334,0.0,181901,2685.7479616510664,88260.72786525
15326.067279369863,750,6.962519330968392,0.0,277716,3647.076648118943,73414.694894125
15331.580275811712,750,5.449522889120636,0.0,400396,5512.996441847756,73698.55254875
15333.78884721717,300,7.240951483662171,0.0,149029,2208.5714054584655,73698.55254875
15341.63950174102,1200,4.0,0.6097030401876973,570392,7850.654523849868,62947.53086425001
15344.540108646552,300,5.099393094467959,0.0,157488,2900.6069055320413,58379.54353337501
15347.214402384458,300,6.425099356560574,0.0,143881,2674.2937379073846,58379.54353337501
15356.01164349408,750,4.0,2.37214175305968,412837,8797.241109620254,35290.739782749995
15361.440534363228,300,4.0,1.4288908691492515,179328,5428.890869149252,35290.739782749995
15363.825876214334,300,5.614658148894238,0.0,159914,2385.341851105762,83525.13966475001
15370.800590090854,750,4.0,1.3600557276255258,321064,6974.713876519763,43716.751918124995
15373.891707898034,300,4.908882192821151,0.0,124011,3091.117807178849,42937.178755
15377.64502860413,300,5.155561486723106,0.0,144254,3753.320706098045,38973.239436625
15381.781320574219,300,5.019269516635073,0.0,149991,4136.291970088033,38533.678756500005
15385.903389603183,300,4.897200487671396,0.0,147968,4122.069028963677,38533.678756500005
15389.185447431591,300,5.615142659261275,0.0,161857,3282.057828410121,57613.76789525
15395.10345261667,750,4.0,0.30286252581574624,372093,5918.005185077021,70891.989851375
15397.718695844684,300,5.384756771985743,0.0,172312,2615.243228014257,71644.561261625
15400.147939557175,300,6.955513059495635,0.0,167025,2429.243712490109,75463.636363625
15405.257905376306,750,5.845547240363954,0.0,393804,5109.96581913168,84180.37812975
15409.617417320611,750,5.4860352960583825,0.0,331053,4359.511944305572,79049.339207
15411.421213660833,300,7.682238955837352,0.0,118421,1803.79634022103,72048.166393

