23929.006898446427,750,4.0,2.184991174137217,450283,2184.991174137217,274101.66666625004
23929.687069814347,300,7.319828632077841,0.0,155580,680.1713679221592,270107.60233875
23932.087154386805,1200,8.919744059621193,0.0,571051,2400.084572456648,268278.39335125
23941.59131612969,1850,4.0,0.5844176832626272,933276,9504.16174288382,32599.264029500002
23946.758548927803,300,4.0,1.1672327981141133,163442,5167.232798114113,41768.32203025
23950.021242965104,300,4.7373059627004475,0.0,126289,3262.6940372995523,41768.32203025
23953.063117290174,300,5.695431637629929,0.0,153295,3041.8743250705184,60582.25869475
23957.781498635555,750,4.9770502922446616,0.0,437162,4718.381345385268,121244.594594625
23959.222818615155,300,7.535730312648103,0.0,150710,1441.3199795965584,85809.647979125
23967.30590962433,1200,4.0,0.5473606965285489,560821,8083.091009176652,78537.93103450001
23968.32254823876,300,6.983361385569216,0.0,141840,1016.6386144307846,186644.10256375
23970.556398987985,750,8.749510636344429,0.0,405134,2233.850749224787,226322.29299375002
23973.62171906758,1200,9.68419055674881,0.0,624282,3065.3200795956186,227036.90888125
23979.28214695705,1850,8.02376266727886,0.0,1036454,5660.42788946995,179462.64855749998
23982.289182741282,1200,9.016726883050218,0.0,526950,3007.035784228641,191179.679145
23992.053109356217,1850,4.0,0.7471997318859449,923170,9763.926614936163,90282.340862375
23993.590448780396,300,6.462660575820454,0.0,143509,1537.3394241795459,109417.63625225
23997.120930591977,750,6.932178764236763,0.0,372963,3530.481811583691,162287.05440875
23999.28822548058,750,8.76488387563347,0.0,405596,2167.294888603292,217827.238335
24001.688696139834,1200,10.36441321638066,0.0,586839,2400.47065925281,297365.81469625
24006.005684976917,1850,10.047424379297372,0.0,891604,4316.98883708329,213751.0593225
24011.186743645834,1850,8.866365710379005,0.0,955231,5181.058668918367,197859.44206
24016.0203167246,1850,8.032792631614974,0.0,968026,4833.57307876403,185195.94594625
24018.735718378164,1200,9.317390978051266,0.0,536667,2715.40165356371,293156.86274500005
24022.121915618936,1850,9.931193737276407,0.0,897976,3386.1972407748585,246950.19157125
24026.218047428443,1850,9.835061927769118,0.0,905935,4096.13180950729,200549.36974750002
24031.471413048395,1850,8.581696307817422,0.0,1076599,5253.3656199516945,221736.6071425
24033.717439426975,1200,10.33566992923874,0.0,487160,2246.0263785786833,253066.66666625
24037.189561592815,1850,10.863547763398975,0.0,972798,3472.122165839766,370822.99270125
24042.284122448895,2850,9.76898690731642,0.0,1561263,5094.560856082554,293020.47781625
24046.981147009203,1850,9.071962347008515,0.0,873429,4697.024560307904,308147.70459125
24050.131851035672,1850,9.921258320536325,0.0,954453,3150.704026472191,318011.02941124997
24052.888837290866,1850,11.164272065346447,0.0,885062,2756.986255189877,351802.70793000003
24057.98008370366,2850,10.073025652550147,0.0,1587293,5091.246412796302,325800.0
24061.470476195493,1850,10.582633160717691,0.0,1026056,3490.3924918324565,242894.490035
24068.51948104948,2850,7.533628306731513,0.0,1439896,7049.004853986177,248629.09090875
24070.50611168828,1200,9.546997667929991,0.0,487812,1986.6306388015234,298454.545455
24073.966136484993,1850,10.08697287121625,0.0,938587,3460.0247967137407,266431.57894750003
24077.179586357302,1850,10.873522998903303,0.0,908665,3213.4498723129464,328648.35164875
24081.79754552151,2850,10.2555638346986,0.0,1402287,4617.9591642047035,282453.10015875
24085.079740040605,1850,10.973369315604108,0.0,858450,3282.1945190944916,283375.43859624997
24094.786275713395,2850,5.2668336428120295,0.0,1527299,9706.535672792079,251376.79083124996
24095.580473618724,300,8.472635737484332,0.0,145210,794.197905327698,202740.65934125
24098.336452397423,1200,9.716656958781899,0.0,634861,2755.978778702433,290694.21487625
24103.02505499722,1850,9.028054358985433,0.0,958994,4688.602599796466,225211.21251625
24111.273375120792,1850,4.779734235412016,0.0,982064,8248.320123573418,84478.02734375
24113.260811293214,300,6.7922980629885465,0.0,137507,1987.4361724234686,53485.187623375
24117.178560308334,750,6.874549047868384,0.0,314107,3917.749015120163,155695.21605

