7543.584289949284,750,4.0,7.947206251782381,450283,7947.2062517823815,61144.2944135
7546.3426824734515,300,5.241607475832228,0.0,155580,2758.392524167771,61144.2944135
7549.509731115435,300,6.07455883384848,0.0,139857,3167.048641983749,46734.79152425
7557.855929490354,750,4.0,2.271639541069848,382355,8346.198374918327,51839.678284125
7561.264410038155,300,4.591519452199005,0.0,163442,3408.480547800995,50025.390108375
7564.0017764112245,300,5.854153079129408,0.0,126289,2737.3663730695976,50025.390108375
7570.96210371629,750,4.0,1.1061742259361071,352642,6960.327305065515,44191.369182124996
7576.289552893993,300,4.0,1.3274491777028978,173849,5327.449177702898,33135.77707125
7580.463595069203,300,4.0,0.17404217520985912,150710,4174.042175209859,40630.5596935
7584.736713730343,300,4.0,0.2731186611403482,139105,4273.118661140348,30308.895405625
7589.139115763124,300,4.0,0.402402032781747,141840,4402.402032781747,43086.563007625
7592.931640803764,300,4.207474959360356,0.0,156148,3792.5250406396444,50256.558877375
7596.053994074249,300,5.085121688874362,0.0,160746,3122.3532704859936,109149.63503650001
7597.891351959396,300,7.247763803728224,0.0,179801,1837.3578851461377,100176.56012175
7607.345374044849,1200,4.0,2.2062582817249705,526950,9454.022085453194,51261.772853124996
7610.15325510431,300,5.192118940539634,0.0,138313,2807.8810594603656,54160.119047625
7612.792136395123,300,6.55323764972673,0.0,143509,2638.881290812904,65655.21753349999
7617.509600269172,750,5.8357737756785,0.0,372963,4717.4638740482305,110647.68460575001
7621.290973485719,750,6.054400559130739,0.0,405596,3781.373216547761,114291.901012375
7624.482797279202,750,6.8625767656491,0.0,350713,3191.823793481639,120271.03499625
7628.448559004505,750,6.896815040345744,0.0,386472,3965.7617253033563,99426.927502875
7633.899658832092,750,5.445715212758563,0.0,399894,5451.099827587182,120582.86516850001
7635.4465394066665,300,7.898834638184563,0.0,163927,1546.8805745739994,97749.427917625
7643.476502394635,1200,4.0,0.13112834978277532,536667,8029.962987967338,50079.80456025
7646.6336163383285,300,4.842886056306286,0.0,146754,3157.1139436937137,107733.42637824999
7648.217699197729,300,7.258803196905893,0.0,153938,1584.0828594003933,107733.42637824999
7655.355555031802,1200,4.120947362832545,0.0,696376,7137.855834073348,140653.97082625
7656.299389051734,300,7.177113342901257,0.0,111155,943.8340199312885,132362.66258625002
7659.975865320784,750,7.500637073850385,0.0,400396,3676.476269050872,132162.96863
7669.800510517338,1200,4.0,2.3240081227035407,641447,9824.645196553925,80451.02840350001
7671.889573246494,300,5.9109372708442605,0.0,157421,2089.06272915574,89457.098283875
7676.731933263048,750,5.068577254290554,0.0,400322,4842.360016553706,102710.49304675001
7678.120349260294,300,7.680161257044541,0.0,143881,1388.4159972460125,131969.260955
7684.002885801758,1200,5.797624715580537,0.0,670129,5882.536541464005,149849.0083175
7686.741646757317,750,7.058863760021448,0.0,401088,2738.7609555590884,150044.75183125
7690.300500523437,750,7.500009993901338,0.0,365161,3558.8537661201103,55854.530567625
7698.741230367964,1200,4.0,0.9407198506256009,487812,8440.729844526939,61144.2944135
7701.421427259553,300,5.319803108411952,0.0,124011,2680.1968915880484,46734.79152425
7705.3835754186075,300,5.357654949356573,0.0,144254,3962.14815905538,36267.727930500005
7708.523058040091,300,6.218172327873464,0.0,149991,3139.4826214831087,65305.799055999996
7715.29303856367,750,4.0,0.5518081957054864,345516,6769.980523578951,50025.390108375
7718.494956028012,300,4.798082535657906,0.0,161857,3201.9174643420943,71611.111111125
7721.045956726497,300,6.247081837172419,0.0,145210,2551.000698485487,44191.369182124996
7733.166884326251,750,4.0,5.873845762581627,438281,12120.927599754046,40630.5596935
7738.369922220526,300,4.0,1.2030378942752087,167025,5203.037894275209,30308.895405625
7742.976384388523,300,4.0,0.6064621679971879,160064,4606.462167997188,43086.563007625
7746.23333919031,300,4.743045198213768,0.0,137507,3256.9548017862326,50256.558877375
7748.687606558008,300,6.288777830515579,0.0,118421,2454.267367698189,109149.63503650001

