13880.526305747184,750,4.0,2.8598146493896546,450283,2859.8146493896547,205679.396985
13881.402537277678,300,7.123768469505115,0.0,155580,876.2315304948851,205679.396985
13882.977562103211,750,9.548743643971175,0.0,350812,1575.0248255339393,229793.03482625
13887.526574250423,1850,8.999731496758645,0.0,933276,4549.012147212529,221482.4355975
13891.568101376157,1850,8.958204371026437,0.0,996749,4041.5271257322092,329150.74309999996
13894.192430029776,1850,10.333875717408475,0.0,801058,2624.328653617963,287104.0462425
13897.471404532605,1850,11.05490121457898,0.0,905515,3278.974502829495,246570.02456999998
13905.20282809219,2850,7.323477654996103,0.0,1638769,7731.423559582877,209713.5922325
13908.065088210475,1200,8.461217536710574,0.0,584846,2862.260118285529,242707.38636375
13911.670829238787,1200,8.855476508397949,0.0,560821,3605.741028312625,169883.9779
13916.665215987874,1850,7.8610897593109845,0.0,939819,4994.386749086964,141456.3977175
13920.265121599163,1200,8.261184148023258,0.0,594078,3599.905611287726,208404.85312875002
13923.615807587867,1200,8.910498159319756,0.0,624282,3350.6859887035016,211158.09768625
13927.389189040026,1850,9.137116707159311,0.0,1036454,3773.381452160443,418099.29078000004
13931.25300917243,1850,9.273296574756712,0.0,821631,3863.820132402599,205122.35817624998
13935.404770817866,1850,9.12153492931914,0.0,923170,4151.761645437573,257059.78897999998
13941.399615576522,1850,7.126690170662902,0.0,966699,5994.844758656238,236994.80069375
13942.754764301439,750,9.771541445748221,0.0,372963,1355.1487249146783,260695.827725
13947.064306851873,1850,9.461998895312428,0.0,987708,4309.542550435794,288561.88925124996
13950.816949609476,1850,9.70935613771018,0.0,923755,3752.6427576022475,240861.74496625
13954.563572449404,1850,9.96273329778026,0.0,891604,3746.622839929922,314589.34169250005
13958.381997281722,1850,10.144308465462391,0.0,955231,3818.4248323178695,250568.43403250002
13961.874936449363,1850,10.651369297822148,0.0,968026,3492.9391676402433,391494.444445
13966.94454686672,2850,9.581758880465443,0.0,1323990,5069.610417356705,334160.17316
13970.792156567932,1850,9.734149179255162,0.0,897976,3847.6097012102823,259367.31634125
13974.390642367125,1850,10.135663380062073,0.0,905935,3598.4857991930903,264795.163585
13978.683023629505,1850,9.84328211768167,0.0,1076599,4292.381262380404,298492.60355
13981.328167393483,1850,11.198138353703726,0.0,758197,2645.1437639779433,234366.84782625
13987.81711209396,2850,8.70919365322566,0.0,1498470,6488.944700478066,221723.72697750002
13991.07485948282,1200,9.451446264366744,0.0,641447,3257.7473888589134,150767.36493875002
13994.529161927034,1850,9.997143820152205,0.0,873429,3454.30244421454,328460.38543875
13997.527178709619,1850,10.999127037567067,0.0,954453,2998.016782585139,224031.7919075
14003.498858995521,2850,9.02744675166364,0.0,1358081,5971.680285903426,272422.15568875
14007.436268828485,1850,9.090036918700585,0.0,1035329,3937.4098329630547,495821.15869
14011.264865681502,1850,9.261440065685495,0.0,1026056,3828.5968530150917,263599.75062375003
14015.069584053948,1850,9.456721693238123,0.0,943942,3804.71837244737,267770.6821475
14018.595334847008,1850,9.93097090017813,0.0,728962,3525.7507930599936,196783.0396475
14023.850872339506,1850,8.675433407680375,0.0,938587,5255.537492497755,215847.8835975
14026.994487390564,1200,9.531818356622045,0.0,605884,3143.61505105833,203570.01239125
14031.999145086542,1850,8.52716066064428,0.0,930577,5004.657695977767,201890.41095875
14035.382008167353,1200,9.144297579834145,0.0,566904,3382.863080810134,179336.90658500002
14043.054612189593,1850,5.471693557593462,0.0,1025005,7672.604022240683,114562.17345875
14044.468845182597,300,8.057460564589148,0.0,145210,1414.232993004314,114562.17345875
14053.428623096599,1200,4.0,0.9023173494122766,634861,8959.777914001425,235414.8827725
14054.233921257972,300,7.19470183862548,0.0,167025,805.2981613745194,263988.41698875
14055.986434107359,750,9.442188989239305,0.0,393804,1752.5128493861766,223153.22580625
14059.817072971457,1850,9.611550125143218,0.0,830730,3830.6388640960877,240283.78378375
14062.808366801108,1850,10.620256295492469,0.0,846370,2991.2938296507486,281127.9863475

