1193.2716930074832,750,4.0,3.974865311257283,450283,3974.865311257283,149271.33479249998
1194.4488120309063,300,6.822880976576757,0.0,155580,1177.1190234232433,149271.33479249998
1196.5965996997256,750,8.67509330775734,0.0,350812,2147.787668819416,172344.77612
1199.5911151427104,1200,9.680577864772596,0.0,617681,2994.5154429847444,248857.1428575
1203.9402675905537,1850,9.331425416929044,0.0,996749,4349.152447843554,266652.23463625
1209.0574039172539,1850,8.21428909022894,0.0,801058,5117.1363267001025,304138.98305125
1211.3270070747208,1200,9.944685932762134,0.0,561791,2269.6031574668064,208512.67605625
1216.68983642477,1850,8.581856582712867,0.0,1060487,5362.829350049266,221121.87159999998
1219.4101451041154,1200,9.861547903367622,0.0,584846,2720.3086793452444,237535.2941175
1224.2289102171414,1850,9.042782790341523,0.0,913888,4818.765113026097,197594.93670875
1229.010067649225,1850,8.261625358258051,0.0,939819,4781.157432083472,276670.25089625
1232.2116906459914,1200,9.060002361491636,0.0,594078,3201.622996766416,218873.896595
1236.2561088638877,1850,9.015584143595298,0.0,946851,4044.4182178963383,239633.72859
1240.9610920901584,1850,8.310600917324491,0.0,1036454,4704.983226270806,214647.29194250001
1243.8711860075925,1200,9.40050699989047,0.0,526950,2910.093917434021,184769.54177875
1248.7942366478621,1850,8.477456359620758,0.0,923170,4923.050640269709,258164.5569625
1251.7308597064705,1200,9.5408333010125,0.0,617242,2936.62305860826,241755.237045
1255.4697850058524,1850,9.801908001630679,0.0,885714,3738.9252993818204,256602.22222250002
1258.9287324076008,1850,10.342960599882089,0.0,987708,3458.9474017485904,335647.7024075
1262.1861750806506,1850,11.085517926832292,0.0,923755,3257.4426730497967,282901.45985374996
1267.7611707083652,2850,9.51052229911784,0.0,1415116,5574.995627714452,226059.62732875
1271.4096632846283,1850,9.862029722854729,0.0,955231,3648.4925762631124,227559.91041375
1276.1999168105442,1850,9.071776196938828,0.0,968026,4790.253525915899,214663.35403750002
1280.7706602728545,1850,8.501032734628748,0.0,874175,4570.743462310082,264248.49397625
1283.2343605825486,1200,10.037332424934437,0.0,587236,2463.700309694311,231052.63157875
1287.519484766584,1850,9.752208240899174,0.0,905935,4285.124184035264,257436.14130375
1292.5921086525832,1850,8.679584354900024,0.0,1076599,5072.62388599915,118958.00144825
1299.515476384857,1200,5.756216622626227,0.0,487160,6923.367732273797,163963.6730575
1302.2920745637168,750,6.9796184437663715,0.0,400396,2776.5981788598556,181019.4472875
1304.3858208239192,750,8.885872183563952,0.0,400508,2093.746260202419,179474.3295025
1309.6373871292928,1850,7.634305878190303,0.0,873429,5251.566305373649,189559.9268075
1313.1633293621994,1200,8.108363645283676,0.0,620283,3525.942232906626,178890.73426625
1316.6889864465797,1200,8.58270656090341,0.0,584349,3525.657084380266,147944.90711125
1321.617299838209,1200,7.654393169273979,0.0,670129,4928.313391629432,126297.84454625001
1330.240631116903,1200,4.0,0.9689381094198889,690253,8623.331278693868,58493.56223175
1332.4710864890808,300,5.769544627822191,0.0,159914,2230.4553721778084,105540.630182375
1335.053716618611,750,7.186914498291836,0.0,321064,2582.6301295303556,148528.0
1337.903453054309,750,8.337178062593626,0.0,361565,2849.736435698209,120028.0936455
1342.4226580756815,1200,7.817973041221435,0.0,605884,4519.2050213721905,90325.80841975
1350.36997118604,1200,4.0,0.1293400691372235,587506,7947.313110358659,112730.32994925001
1351.9665657476205,300,6.403405438419481,0.0,147968,1596.5945615805185,88187.032419
1356.151221133199,750,6.2187500528409485,0.0,384505,4184.655385578533,131273.25581375
1358.8060778412562,750,7.563893344783684,0.0,372093,2654.8567080572648,148051.32905625
1362.9359524750716,1200,7.4340187109682345,0.0,634861,4129.874633815449,172295.84352125
1367.0066072371917,1200,7.363363948848184,0.0,630203,4070.6547621200507,216407.990315
1372.1773866224187,1200,6.192584563621094,0.0,638661,5170.77938522709,89864.982578375
1375.5227171137847,750,6.847254072255072,0.0,331053,3345.330491366022,130758.36431249998
1378.267333410158,750,8.102637775881657,0.0,314107,2744.6162963734146,105833.536585375

