403.43324147860636,750,4.0,6.602941104200595,450283,6602.941104200595,106257.00934575
405.05448964718363,300,6.378751831422763,0.0,155580,1621.2481685772375,106257.00934575
409.2625629747122,750,6.1706785038941945,0.0,350812,4208.073327528568,84563.16367625
415.09466271261624,750,4.338578765990105,0.0,382355,5832.099737904089,107014.91712712501
416.78232840208216,300,6.650913076524203,0.0,163442,1687.665689465902,107014.91712712501
420.3711974855546,750,7.062043993051733,0.0,318564,3588.8690834724707,84742.83154125
423.61798950926334,750,7.815251969342988,0.0,352642,3246.7920237087455,146840.09008999998
428.6975376000361,1200,6.735703878570248,0.0,709534,5079.54809077274,124604.02684562499
431.9527897032206,750,7.48045177538576,0.0,374758,3255.2521031844885,115769.03225812501
436.4732038241951,1200,6.960037654411298,0.0,560821,4520.414120974461,132182.1428575
439.2874989552924,750,8.145742523313974,0.0,353220,2814.295131097326,139866.20209
444.7217909652809,1200,6.711450513325468,0.0,594078,5434.292009988505,129726.30331750002
448.23880080302695,750,7.194440675579425,0.0,386351,3517.009837746043,122185.59900687501
452.234657275593,750,7.198584203013317,0.0,434409,3995.856472566108,117528.010302625
455.1041966052972,750,8.32904487330911,0.0,337059,2869.539329704205,167650.2775575
460.0509980769968,1200,7.382243401609577,0.0,587876,4946.801471699534,116984.947644
464.85490894082875,1200,6.578332537777565,0.0,617242,4803.910863832011,144013.05970125
467.9586752938314,750,7.474566184774945,0.0,372963,3103.7663530026207,127812.5
472.70383198496205,1200,6.7294094936442805,0.0,639204,4745.1566911306645,141397.76119375
475.87277613279235,750,7.560465345813991,0.0,350713,3168.9441478302892,133974.54844
482.13075196422517,1200,5.302489514381218,0.0,601738,6257.975831432773,75705.529953875
485.2988760143648,300,6.134365464241573,0.0,157812,3168.1240501396455,48403.4890265
490.37421628054835,750,5.059025198057961,0.0,401853,5075.340266183612,100338.63749375
491.89831549285276,300,7.534925985753562,0.0,137654,1524.0992123043993,100338.63749375
500.9751137362474,1200,4.0,1.541872257641069,587236,9076.79824339463,75601.67850225
502.9014432410081,300,6.073670495239297,0.0,153938,1926.3295047607035,98963.855421625
506.1468234854896,750,6.828290250757769,0.0,425781,3245.380244481527,177347.8260875
508.45390064227627,750,8.521213093971147,0.0,277716,2307.077156786624,120442.38437
514.1380225063322,1200,6.83709122991529,0.0,622896,5684.121864055855,98460.709474625
520.1464436174984,750,4.828670118748938,0.0,400508,6008.421111166353,43312.380952375
523.9112295570122,300,5.063884179235239,0.0,157421,3764.7859395136993,46801.65054075
527.3551369710843,300,5.619976765163188,0.0,157488,3443.90741407205,52344.06165
534.2460671349666,750,4.0,1.2709533987191644,369834,6890.930163882353,62914.6443515
537.1812258488525,300,5.064841286114199,0.0,163444,2935.1587138858004,58607.261724625
539.7187592052524,300,6.527307929714281,0.0,179328,2537.5333563999184,113943.429581625
542.9288377777004,750,7.317229357266287,0.0,365161,3210.0785724479947,128253.34448125001
546.9594222777844,1200,7.286644857182411,0.0,487812,4030.584500083875,135598.72159125
551.0695681845891,1200,7.176498950377561,0.0,575591,4110.14590680485,135924.91749125
554.2634609742631,750,7.982606160703608,0.0,378327,3193.892789673953,89302.57801900001
558.5991196476116,1200,7.6469474873550665,0.0,587506,4335.658673348542,147589.61881625
562.5045943969881,1200,7.741472737978669,0.0,566904,3905.474749376397,178601.01010125002
566.4951660967567,1200,7.750901038210022,0.0,641452,3990.5716997686477,150145.6903125
572.442403374383,1200,5.803663760583763,0.0,599477,5947.237277626258,119422.252937125
576.4833487680258,750,5.762718366940904,0.0,438281,4040.9453936428595,117288.251366125
580.3412646955666,750,5.904802439400156,0.0,398987,3857.915927540747,98813.15643999999
585.3328809646626,750,4.91318617030416,0.0,393804,4991.616269095997,101234.098360625
586.8346838953875,300,7.4113832395794,0.0,137507,1501.80293072476,109808.40872800001
593.1800607758811,1200,5.0660063590858,0.0,550906,6345.3768804936,69986.693548375

