24707.98794248753,750,4.0,7.862962959107444,450283,7862.962959107444,99733.77804725
24709.553271606386,300,6.434670881144126,0.0,155580,1565.3291188558746,115876.567988
24713.270658610832,750,6.7172838766994705,0.0,350812,3717.3870044446553,115046.671767375
24716.93836188875,750,7.049580598778979,0.0,382355,3667.7032779204915,73858.670741
24723.912143809277,750,4.0757986782538405,0.0,411561,6973.781920525139,127932.44370250001
24724.946766405777,300,7.041176081754415,0.0,126289,1034.622596499426,139409.1233075
24727.66407169302,750,8.323870794512315,0.0,352642,2717.305287242099,140798.67256625
24735.313577070025,1200,4.674365417506441,0.0,709534,7649.505377005874,110561.922366
24737.433686017062,300,6.55425647046607,0.0,150710,2120.1089470403713,60576.161988
24740.345640225805,750,7.642302261721774,0.0,362795,2911.9542087442956,276462.82973625005
24743.862096780158,1200,8.125845707369171,0.0,607410,3516.4565543526023,119077.077748
24748.15702996977,1200,7.830912517757261,0.0,594078,4294.933189611911,147575.16339874998
24752.987722961978,1200,7.000219525552179,0.0,624282,4830.692992205081,203479.37569625
24755.146807422734,750,8.841135064793258,0.0,434409,2159.0844607589215,239419.02604750003
24758.535500664104,1850,9.452441823423124,0.0,821631,3388.6932413701347,218506.849315
24762.513298554284,1850,9.474643933245789,0.0,923170,3977.7978901773354,261992.66862125
24766.45997586936,1850,9.527966618170106,0.0,966699,3946.6773150756812,290875.22281625
24770.82112698597,1850,9.166815501558442,0.0,885714,4361.151116611665,184054.25531875
24776.582420513565,1850,7.405521973962804,0.0,987708,5761.293527595638,185442.59699125
24779.65786744452,1200,8.330075043011758,0.0,586839,3075.446930951044,217319.29824499998
24784.21104187517,1200,7.776900612363539,0.0,601738,4553.17443064822,72993.34221037499
24793.38330124556,1200,4.0,1.3953587580291023,616206,9172.259370392641,57786.718201
24796.130135091647,300,5.253166153913677,0.0,163927,2746.8338460863233,69498.04393625
24798.275471262954,300,7.107829982608304,0.0,137654,2145.3361713053728,75675.70558937501
24802.55226363425,750,6.8310376113112135,0.0,359903,4276.7923712970905,87329.57619475
24806.13759882381,750,7.245702421748043,0.0,379700,3585.335189563171,170709.38628125
24809.82909241778,1200,7.55420882778062,0.0,696376,3691.493593967423,299252.35109749995
24811.64865619931,1200,9.734645046249623,0.0,487160,1819.5637815309965,272628.48751875
24816.957766589207,1850,8.425534656355259,0.0,972798,5309.110389894363,262955.59502625
24821.024852942322,1200,8.35844830323982,0.0,641447,4067.0863531154387,132091.44981375002
24826.530277805432,1200,6.853023440128573,0.0,570392,5505.424863111247,196252.24326999998
24828.96209535254,750,8.421205893019662,0.0,400322,2431.8175471089107,176549.476135
24833.09233250891,1200,8.290968736651376,0.0,584349,4130.237156368286,158120.41884875
24838.570937621786,1200,6.812363623774673,0.0,670129,5478.605112876702,105255.54889025001
24841.616332008576,750,7.766969236985108,0.0,401088,3045.394386789565,152853.46534624998
24846.140919626007,1200,7.242381619559577,0.0,598727,4524.587617425531,133641.7352275
24849.778559941187,1200,7.60474130437687,0.0,487812,3637.6403151827067,191193.74369375
24854.121533168905,1200,7.261768076658449,0.0,575591,4342.973227718421,100210.46831950001
24860.903808603096,1200,4.4794926424645185,0.0,605884,6782.275434193931,194832.2072075
24861.794173919083,300,7.58912732647883,0.0,149991,890.3653159856879,194832.2072075
24864.69725517032,1200,8.686046075240045,0.0,566904,2903.0812512387856,223303.0303025
24867.700073377793,1200,9.683227867766547,0.0,641452,3002.8182074734973,211649.07975499998
24872.066504145714,1850,9.31679709984421,0.0,886255,4366.430767922337,194909.68955749998
24889.232167916034,1850,4.0,7.848866670475403,973972,17165.663770319614,159563.5939325
24890.3840642215,300,6.848103694530648,0.0,167025,1151.8963054693525,181382.38842
24892.46550898282,750,8.766658933213217,0.0,393804,2081.4447613174298,237837.63837625
24894.46932163289,1200,10.762846283145318,0.0,538612,2003.8126500678993,289335.79881625
24898.08985448382,2850,11.142313432214126,0.0,1364537,3620.5328509311926,402336.32287

