2359.2726809864603,750,4.0,8.793419615156727,450283,8793.419615156727,55336.81022875
2362.273042293717,300,4.999638692742964,0.0,155580,3000.361307257036,56396.092796125
2364.901778924766,300,6.370902061693952,0.0,139857,2628.7366310490115,65491.37931037501
2370.6738731938003,750,4.598807792659723,0.0,382355,5772.09426903423,69400.57327125
2373.150594586428,300,6.1220864000323205,0.0,163442,2476.7213926274017,73689.78658537501
2377.750973290885,750,5.521707695574785,0.0,318564,4600.3787044575365,73710.23546375
2379.9950276168706,300,7.277653369589593,0.0,153295,2244.0543259851925,77769.78131212501
2390.027514063075,1200,4.0,2.7548330766151996,709534,10032.486446204792,76624.019810125
2392.177910600039,300,5.849603463035815,0.0,150710,2150.3965369641846,76624.019810125
2397.9840878806785,750,4.043426182396377,0.0,362795,5806.177280639438,78073.5468565
2399.998795602966,300,6.028718460109014,0.0,141840,2014.7077222873636,74105.184632625
2406.2144151584553,750,4.0,0.18690109538062097,405134,6215.619555489635,56808.902532625
2409.450438579189,300,4.763976579266404,0.0,160746,3236.0234207335957,53116.754232375
2412.4565856079216,300,5.757829550533403,0.0,179801,3006.1470287330017,68948.12779112499
2417.1763189508165,750,5.038096207638423,0.0,337059,4719.73334289498,74511.16729875
2419.186959201917,300,7.027455956537671,0.0,138313,2010.6402511007516,76405.44312625
2424.66482759143,750,5.549587567024597,0.0,360831,5477.868389513074,66816.361167625
2427.055494337665,300,7.158920820789504,0.0,150616,2390.666746235093,70503.71017025001
2433.5262645272383,750,4.688150631215822,0.0,405596,6470.770189573683,66298.94660375001
2435.8834630927518,300,6.330952065702481,0.0,140881,2357.1985655133412,65037.26006775
2442.078873794318,750,4.135541364135913,0.0,386472,6195.410701566567,64528.372792125
2444.758823098883,300,5.4555920595708844,0.0,157812,2679.949304565029,63755.970149249995
2447.3504596808116,300,6.863955477642276,0.0,163927,2591.6365819286093,70430.65405837499
2452.4668401769736,750,5.747574981480084,0.0,343800,5116.380496162192,72237.274863
2456.760780764225,750,5.453634394228593,0.0,359903,4293.940587251491,95700.3710575
2458.3869079299384,300,7.827507228515277,0.0,153938,1626.1271657133161,112305.23627075
2465.053731898242,1200,5.160683260211224,0.0,696376,6666.823968304053,81493.763440875
2466.5683328565365,300,7.646082301916923,0.0,111155,1514.6009582943007,91881.38297875
2473.792300479106,1200,4.42211467934721,0.0,622896,7223.967622569713,91609.7440945
2475.6505136668584,300,6.563901491594735,0.0,149029,1858.2131877524746,84768.3178535
2480.2611125949684,750,5.953302563485054,0.0,358218,4610.598928109682,67371.88473525
2487.51330736279,750,4.0,1.2988922043367328,400322,7252.194767821787,58133.390953625
2489.521324416599,300,5.991982946190823,0.0,143881,2008.017053809177,88605.21042087501
2494.5219994668755,750,4.991307895914008,0.0,412837,5000.675050276815,93798.157789375
2496.7986270827223,300,6.714680280067163,0.0,179328,2276.6276158468445,79747.57281550001
2501.738038507014,750,5.775268855775452,0.0,365161,4939.411424291711,78384.057971
2505.297714670999,750,6.2155926917907385,0.0,321064,3559.676163984714,98054.424988125
2509.2406934614005,750,6.272613901389422,0.0,361565,3942.9787904013156,98904.826341875
2513.6538639103424,750,5.8594434524472225,0.0,378327,4413.1704489422,87806.19327287501
2518.7070572522425,750,4.806250110547066,0.0,390680,5053.193341900156,79457.29227187499
2520.6880091897206,300,6.825298173069016,0.0,147968,1980.95193747805,92589.901477875
2525.372693568937,750,6.14061379385264,0.0,384505,4684.684379216376,83851.69124025
2529.8904604646154,750,5.62284689817433,0.0,372093,4517.76689567831,94452.586206875
2535.15944954918,750,4.353857813609813,0.0,438281,5268.989084564517,85140.31715525
2537.2443955665617,300,6.268911796227971,0.0,167025,2084.946017381843,88104.75311487501
2541.996479246575,750,5.516828116214692,0.0,393804,4752.083680013278,100024.89374624999
2543.5235611189487,300,7.989746243840873,0.0,137507,1527.0818723738196,100024.89374624999
2550.0713889469494,1200,5.441918415840106,0.0,550906,6547.827828000767,81243.83368575

