9263.012831155169,750,4.0,0.848125509873515,450283,848.1255098735149,615633.0275225
9263.365024229932,300,7.647806925237956,0.0,155580,352.1930747620443,596650.1457725
9264.528185755255,1200,10.484645399916731,0.0,571051,1163.1615253212249,543392.94117625
9267.574908070817,2850,11.437923084353098,0.0,1520281,3046.722315563633,576964.60177
9270.373603162026,2850,12.639227993144585,0.0,1472558,2798.695091208513,635903.3816425
9274.08806687843,4300,12.924764276740195,0.0,1941625,3714.4637164043897,617056.4263325001
9278.068763636647,4300,12.944067518524054,0.0,2157535,3980.696758216141,562481.7073175
9282.263588195581,4300,12.749242959589147,0.0,2290172,4194.824558934908,579242.03821625
9286.111073281045,4300,12.9017578741252,0.0,2055469,3847.485085463947,549798.12206625
9290.246978222616,4300,12.765852932553766,0.0,2169201,4135.904941571434,612727.54491
9294.659104671413,4300,12.353726483757315,0.0,2173522,4412.126448796451,571538.7096775
9298.373843974512,4300,12.638987180657892,0.0,2102452,3714.7393030994226,617563.0769225
9302.800379429622,4300,12.212451725547574,0.0,2209463,4426.535455110318,499780.14184375
9307.02069967554,4300,11.99213147962798,0.0,2275376,4220.320245919592,530785.93272125
9309.494769604653,2850,13.518061550516865,0.0,1231445,2474.069929111114,519974.860335
9313.99702890915,4300,13.015802246018913,0.0,2152483,4502.259304497954,570913.31269375
9318.158158076854,4300,12.854673078315852,0.0,2289689,4161.129167703062,609345.6464375
9322.060906858584,4300,12.951924296586474,0.0,2059512,3902.748781729377,598571.42857125
9326.179254647486,4300,12.833576507684676,0.0,2220726,4118.3477889017995,614750.8650525
9330.126623721222,4300,12.88620743394906,0.0,2156729,3947.3690737356133,602491.22807
9333.700244087155,4300,13.312587068017349,0.0,2039773,3573.6203659317125,631379.56204375
9337.786691699534,4300,13.226139455637727,0.0,2176469,4086.447612379621,533812.1693124999
9342.138723639284,4300,12.874107515886823,0.0,2221506,4352.031939750903,566090.163935
9346.30777332721,4300,12.705057827960227,0.0,2044075,4169.0496879265975,541630.25210125
9350.470702080129,4300,12.54212907503966,0.0,2186790,4162.928752920567,546190.87136875
9354.372744067745,4300,12.64008708742275,0.0,2105231,3902.0419876169112,513945.16971250006
9358.623127565712,4300,12.389703589456607,0.0,2395588,4250.3834979661415,603054.6875
9362.4230289664,4300,12.589802188770204,0.0,1972048,3799.901400686404,334341.911765
9366.300340608545,4300,12.712490546623924,0.0,2134614,3877.3116421462805,624570.6666662501
9370.450183750141,4300,12.562647405027155,0.0,2164140,4149.843141596768,551882.550335
9374.307377547537,4300,12.7054536076316,0.0,2113193,3857.193797395556,589670.5882349999
9378.548844987545,4300,12.463986167622723,0.0,2147852,4241.467440008878,485961.6519175
9382.724793750915,4300,12.28803740425408,0.0,2191074,4175.948763368642,590729.6511625
9386.931233524623,4300,12.081597630546396,0.0,2286761,4206.439773707684,586826.08695625
9391.155898130308,4300,11.856933024862355,0.0,2307787,4224.664605684041,602143.91143875
9393.860462987888,2850,13.152368167279867,0.0,1439896,2704.564857582488,555870.52341625
9397.584535305125,4300,13.428295850044575,0.0,1919781,3724.072317235291,475204.12844
9401.99897000149,4300,13.013861153678336,0.0,2147467,4414.434696366238,644540.0
9405.814952011247,4300,13.197879143920098,0.0,2133870,3815.982009758238,658160.0
9409.840653823394,4300,13.172177331774117,0.0,2146120,4025.7018121459796,483638.82063875004
9413.959762888155,4300,13.053068267014693,0.0,2108491,4119.109064759425,559072.7272725
9418.053154606032,4300,12.959676549137972,0.0,2184571,4093.39171787672,472420.77922125
9422.552129453283,4300,12.460701701885984,0.0,2121928,4498.974847251987,483913.22314
9426.64483597018,4300,12.367995184988438,0.0,2219102,4092.706516897547,600222.6277375
9430.670319420766,4300,12.342511734402594,0.0,2124950,4025.4834505858457,639628.158845
9434.820658576169,4300,12.192172578998058,0.0,2246506,4150.339155404536,571817.6638175
9438.45325017588,4300,12.55958097928793,0.0,1961140,3632.5915997101283,635308.8235299999
9442.228192877237,4300,12.784638277930519,0.0,2155012,3774.942701357412,631374.55830375

