9444.658671933224,750,4.0,2.4304790559882594,450283,2430.4790559882595,165441.39046125
9445.728559775656,300,6.930112157568032,0.0,155580,1069.8878424319682,165441.39046125
9448.234827297254,750,8.423844635969656,0.0,350812,2506.267521598375,174295.84905625
9452.047978926706,1200,8.610693006516591,0.0,617681,3813.1516294530666,190504.4334975
9456.533337092542,1200,8.125334840683056,0.0,652874,4485.358165833535,130307.12858124998
9461.253756339102,1200,7.404915594123041,0.0,520315,4720.4192465600145,166341.20171624998
9466.08455818354,1200,6.574113749684516,0.0,561791,4830.801844438525,72268.223922625
9473.02755214977,750,4.0,0.36888021654409114,437162,6942.993966228607,30450.343370249997
9477.709797908543,300,4.0,0.682245758773488,150710,4682.245758773488,38704.3137255
9480.920845524417,300,4.788952384125389,0.0,139105,3211.0476158746105,56200.74119825
9483.82243540447,300,5.887362504073098,0.0,141840,2901.5898800522914,46278.07240025001
9493.03332523567,750,4.0,3.3235273271264596,405134,9210.889831199558,57500.813008125
9495.27928159809,300,5.754043637580888,0.0,160746,2245.956362419113,166144.157815
9500.406324392015,750,4.627000843655359,0.0,434409,5127.042793925529,69432.451499125
9501.837727074504,300,7.19559816116729,0.0,140051,1431.4026824880696,117301.37981112499
9504.424052786188,750,8.609272449482095,0.0,366214,2586.3257116851946,146250.8012825
9511.842956073131,1200,5.190369162539005,0.0,617242,7418.903286943089,176514.46281
9512.788136214505,300,8.245189021163984,0.0,150616,945.1801413750213,259815.40697625
9515.732047603344,1200,9.301277632324448,0.0,639204,2943.9113888395364,240470.404985
9520.53432076007,1850,8.499004475597623,0.0,923755,4802.273156726823,171454.9058475
9523.935175530363,1200,9.09814970530515,0.0,601738,3400.854770292474,315021.23552125
9527.582121916397,1850,9.451203319272137,0.0,955231,3646.946386033012,269907.95631875
9531.547122016034,1850,9.486203219633603,0.0,968026,3965.000099638534,231665.6775475
9535.043987465868,1850,9.989337769800505,0.0,874175,3496.8654498330993,226683.80744
9539.7440256982,1850,9.289299537465995,0.0,897976,4700.038232334508,172410.27801125
9543.72388747322,1850,9.309437762447699,0.0,905935,3979.861775018296,270904.895105
9551.530204125227,1850,5.503121110440283,0.0,1076599,7806.3166520074155,181313.39031375
9552.255524710516,300,8.777800525151873,0.0,111155,725.3205852884082,181313.39031375
9559.225313299457,1200,5.808011936211368,0.0,622896,6969.788588940506,128540.11461375
9561.771080595017,750,7.262244640651539,0.0,400508,2545.7672955598277,184300.55658625
9569.266137079992,1200,4.0,0.2328118443244448,570392,7495.056484975984,73546.353975875
9571.342214298544,300,5.923922781449229,0.0,157488,2076.0772185507712,130347.02861375
9573.643146130964,750,7.622990949028968,0.0,369834,2300.931832420261,197633.57400750002
9577.17780859354,1200,8.088328486454095,0.0,670129,3534.662462574873,217981.1066125
9581.506809537526,1200,7.759327542467308,0.0,690253,4329.000943986786,157531.2965725
9587.19946814132,1200,6.06666893867429,0.0,598727,5692.658603793018,77516.47875112499
9588.46585887173,750,8.800278208263775,0.0,321064,1266.3907304105148,467073.41772125
9594.177404792157,1850,7.088732287835378,0.0,938587,5711.545920428397,127810.751105
9597.826026121953,750,7.4401109580395755,0.0,378327,3648.6213297958034,102639.76164674999
9602.256296329553,1200,7.009840750441032,0.0,587506,4430.2702075985435,133825.305535
9605.281034440664,750,7.98510263932883,0.0,345516,3024.7381111122018,113610.65006912501
9609.934955328607,1200,7.331181751386469,0.0,641452,4653.92088794236,118277.256740875
9613.809334312074,1200,7.456802767918203,0.0,599477,3874.378983468266,193725.39288625
9618.992180963383,1200,6.273956116607172,0.0,634861,5182.846651311032,190607.476635
9622.084188034096,750,7.181949045894362,0.0,398987,3092.00707071281,131465.1015225
9624.655938461245,750,8.610198618747413,0.0,393804,2571.7504271469493,212690.96672000003
9627.790517531992,1200,9.475619547998233,0.0,538612,3134.5790707491774,148707.01867375
9633.980038700103,1850,7.286098379887855,0.0,846370,6189.521168110379,131717.98365125002

