19855.233622724638,750,4.0,1.26305294249572,450283,1263.05294249572,453771.618625
19855.674527669617,300,7.559095055021564,0.0,155580,440.9049449784362,453771.618625
19857.152398834474,1200,10.081223890163042,0.0,571051,1477.8711648585222,413129.90936499997
19861.034471726045,1850,10.199150998593192,0.0,933276,3882.0728915698496,258749.6580025
19864.677823760372,1850,10.555798964268043,0.0,996749,3643.35203432515,300907.61750375
19868.96703453973,2850,10.26658818490498,0.0,1224260,4289.210779363062,298814.4499175
19872.196451536856,1850,11.03717118778075,0.0,905515,3229.41699712423,330782.47734125
19878.036107679694,2850,9.197515044941381,0.0,1638769,5839.656142839369,287169.74789875
19881.32176202208,1850,9.911860702559999,0.0,852833,3285.6543423813837,286955.390335
19885.185367481154,1850,10.048255243485698,0.0,913888,3863.605459074299,258591.92825124998
19888.99980431758,1850,10.233818407061602,0.0,939819,3814.4368364240986,307687.60330625
19892.65782951252,1850,10.575793212121637,0.0,917428,3658.0251949399653,268325.79787249997
19897.749346334673,2850,9.484276389964464,0.0,1422919,5091.516822157172,240648.96755125
19901.414412433165,1850,9.819210291472675,0.0,1036454,3665.066098491789,243922.5268175
19904.540259479774,1850,10.693363244862539,0.0,821631,3125.8470466101353,307496.932515
19909.516257212403,2850,9.717365512233119,0.0,1471065,4975.997732629421,286241.37931
19913.81387977562,1850,9.419742949020408,0.0,966699,4297.622563212709,220261.64079874998
19917.826144807394,1850,9.407477917242046,0.0,885714,4012.2650317783628,346998.046875
19921.164534384196,1850,10.06908834044353,0.0,987708,3338.3895767985155,308841.30019125
19924.094039221287,1850,11.139583503352979,0.0,923755,2929.504837090551,336100.1589825
19928.611314807236,2850,10.62230791740346,0.0,1415116,4517.275585949519,264069.06906875
19935.817596236808,2850,7.416026487833049,0.0,1468126,7206.28142957041,243157.75401125
19938.254905281483,1200,8.97871744315486,0.0,656471,2437.3090446781903,271602.82574625
19941.372769523234,1850,9.86085320140441,0.0,874175,3117.864241750449,308087.64045
19946.06872179116,1850,9.164900933475899,0.0,897976,4695.95226792851,173944.5629
19950.72309779027,1850,8.510524934372816,0.0,905935,4654.375999103084,201428.14960625
19954.099931440935,1200,9.133691283706717,0.0,696376,3376.833650666097,227530.78203
19956.889873684708,1850,10.343749039932625,0.0,758197,2789.942243774092,269055.47652875
19961.63156319681,1850,9.602059527830464,0.0,972798,4741.68951210216,306383.39921
19966.218016563318,1850,9.015606161324085,0.0,975811,4586.453366506379,226049.0196075
19970.214808072466,1850,9.018814652174912,0.0,873429,3996.791509149174,287946.5153975
19974.220603565504,1850,9.013019159139319,0.0,954453,4005.795493035593,319275.78947375
19977.248478908605,1850,9.985143816036912,0.0,885062,3027.8753431024056,313912.24862875
19980.954346759274,1850,10.279275965369514,0.0,1035329,3705.8678506673987,319396.28482999996
19984.537446518592,1850,10.696176206052028,0.0,1026056,3583.099759317485,284921.80451125
19991.207097360504,2850,8.026525364141024,0.0,1439896,6669.650841911005,164615.60418624998
19993.755990937767,1200,9.477631786877742,0.0,487812,2548.8935772632813,300264.8556875
19997.58199827965,1850,9.651624444992356,0.0,938587,3826.0073418853863,245545.93874875
20001.2341018519,1850,9.99952087274366,0.0,908665,3652.103572248696,310583.56940499996
20004.821347516518,1850,10.412275208124438,0.0,930577,3587.2456646192218,322514.15094375005
20008.924908139597,2850,10.308714585043282,0.0,1339500,4103.560623081157,376861.27167625
20012.096742320588,1850,11.136880404053048,0.0,1025005,3171.834180990232,312601.51802625
20015.733565157207,2850,11.5000575674334,0.0,1343002,3636.8228366196495,349665.50522625
20020.49745581565,2850,10.736166908986041,0.0,1587250,4763.89065844736,383157.4279375
20025.602434932985,2850,9.631187791652797,0.0,1464921,5104.979117333243,231110.77844249998
20029.94464920878,1850,9.288973515857,0.0,982064,4342.214275795797,232524.19354875002
20032.701669196776,1850,10.53195352786132,0.0,830730,2757.0199879956795,358741.6173575
20037.709827296138,2850,9.523795428500721,0.0,1364537,5008.158099360598,228496.12403125

