26604.824395235784,750,4.0,2.7931852023610926,450283,2793.1852023610927,292776.82403375
26605.46375788887,300,7.360637346917347,0.0,155580,639.3626530826534,292776.82403375
26607.498171183637,1200,9.326224052148868,0.0,571051,2034.4132947684795,324042.65402874997
26610.76171989145,1850,10.062675344339523,0.0,933276,3263.548707809345,281451.37614625
26614.98560703378,1850,9.83878820200418,0.0,996749,4223.887142335344,263721.59090875
26618.48590137519,1850,10.338493860594633,0.0,801058,3500.2943414095466,269988.29039875
26622.598435396285,1850,10.2259598394988,0.0,905515,4112.534021095833,141226.03833875
26634.197055418346,1850,4.0,1.3726601825652378,1060487,11598.620022064038,67301.25368737499
26636.71211570558,300,5.484939712766257,0.0,150710,2515.0602872337417,62361.602309625
26639.01327159765,300,7.183783820696443,0.0,139105,2301.1558920698144,81561.342592625
26642.63128867581,750,7.565766742536499,0.0,353220,3618.0170781599445,142507.08924124998
26646.671059797445,1200,7.525995620902522,0.0,594078,4039.7711216339767,241484.29319375
26649.67076306768,1200,8.526292350668161,0.0,624282,2999.7032702343595,210622.75449125
26654.550907354,1200,7.646148064346645,0.0,687371,4880.144286321517,229942.961165
26657.034036517965,1200,9.163018900380317,0.0,526950,2483.129163966327,307233.1081075
26660.524444146602,1850,9.672611271745355,0.0,923170,3490.4076286349627,327052.93005625
26664.46178557039,1850,9.735269847956701,0.0,966699,3937.341423788653,340427.32558125
26666.990205519887,1850,11.206849898458145,0.0,885714,2528.4199494985546,385826.8156425
26671.997020352035,2850,10.200035066309963,0.0,1537156,5006.814832148182,385200.0
26675.090455383273,1850,11.106600035071494,0.0,923755,3093.435031238469,261612.72475750002
26679.823754017885,2850,10.37330140045973,0.0,1415116,4733.298634611763,209873.68421
26683.692859711588,1850,10.504195706758056,0.0,955231,3869.1056937016774,304311.03678875
26690.83209990388,2850,7.364955514463999,0.0,1505760,7139.240192294056,221395.6204375
26693.1238939765,1200,9.073161441846278,0.0,536667,2291.794072617722,306386.95652124996
26696.549875026783,1850,9.647180391558948,0.0,897976,3425.9810502873297,274544.6428575
26700.55452733149,1850,9.64252808685504,0.0,905935,4004.6523047039072,215795.89372
26703.99309115612,1850,10.203964262223932,0.0,1076599,3438.5638246311078,245454.79082375
26707.764001563064,1850,10.433053855280011,0.0,758197,3770.9104069439195,285968.59504125
26713.806782454158,2850,8.390272964186304,0.0,1498470,6042.780891093708,239798.43953124998
26716.344505098696,1200,9.852550319649678,0.0,641447,2537.7226445366273,279607.28745
26719.717414281306,1850,10.479641137041348,0.0,873429,3372.9091826083286,282579.03780125
26726.400610588273,2850,7.796444830074824,0.0,1497683,6683.1963069665235,150570.43879875002
26730.154306689907,1200,8.042748728439621,0.0,584349,3753.6961016352043,238875.19260375
26732.547546770333,1200,9.649508648010684,0.0,670129,2393.2400804289364,398884.848485
26735.872301439646,1850,10.324753978696826,0.0,1026056,3324.7546693138574,352119.298245
26738.934456286926,1850,11.262599131418137,0.0,943942,3062.15484727869,358544.62659375
26742.94491978439,2850,11.25213563395351,0.0,1139291,4010.463497464629,356244.81327750004
26747.11532420252,2850,11.081731215818733,0.0,1499009,4170.404418134776,374191.48936125
26753.149018913624,2850,9.048036504716933,0.0,1427478,6033.694711101799,131648.51485125002
26758.427593250824,1850,7.769462167513241,0.0,930577,5278.574337203691,258693.58974375
26761.3863152471,1200,8.810740171239203,0.0,566904,2958.721996274037,215468.26127
26767.457781587542,1850,6.739273830799323,0.0,1025005,6071.466340439881,262930.20304625
26768.965622578085,750,9.231432840255918,0.0,372093,1507.8409905434046,307534.36185125
26771.79076951335,1850,10.406285904991792,0.0,973972,2825.146935264127,384117.9775275
26776.413181254542,2850,9.78387416379763,0.0,1464921,4622.411741194162,270499.23664124997
26779.89717216178,1850,10.299883256559255,0.0,982064,3483.9909072383766,266630.01485875
26784.147238094367,1850,10.049817323973382,0.0,830730,4250.065932585872,149529.9917825
26793.39223766067,1850,4.804817757668871,0.0,846370,9244.999566304512,69260.736196375

