9829.132207333296,750,4.0,5.8396300502769165,450283,5839.630050276916,47891.962725625
9831.372425709043,300,5.759781624254254,0.0,155580,2240.2183757457465,107615.0978565
9834.514653003642,750,6.617554329655255,0.0,350812,3142.227294598999,129625.86206875
9837.898608920725,750,7.233598412571884,0.0,382355,3383.9559170833704,122769.5238095
9844.109252275888,1200,5.022955057409323,0.0,652874,6210.643355162561,104838.4615385
9845.457258192064,300,7.674949141232596,0.0,126289,1348.0059161767267,104838.4615385
9850.779605813897,1200,6.352601519398881,0.0,561791,5322.347621833715,137169.85845124998
9855.003239611699,750,6.12896772159814,0.0,437162,4223.633797800741,100482.442748125
9859.491144542573,750,5.64106279072312,0.0,374758,4487.90493087502,124511.35407900001
9862.417501805872,750,6.714705527424799,0.0,362795,2926.3572632983205,114559.360730625
9865.66676838917,750,7.465438944125815,0.0,353220,3249.266583298985,94452.457265
9874.07624298224,1200,4.0,0.9440356489427568,594078,8409.474593068571,74901.4459665
9876.145129668788,300,5.931113313451581,0.0,160746,2068.8866865484188,96145.23809525
9881.907485820593,750,4.168757161647864,0.0,434409,5762.356151803717,86879.839115125
9883.684336399101,300,6.39190658314014,0.0,140051,1776.8505785077245,86879.839115125
9889.499898398337,750,4.576344583905095,0.0,366214,5815.561999235046,43306.431273625
9890.88754361321,300,7.188699369033457,0.0,143509,1387.6452148716378,150014.04741
9895.152661515394,750,6.92358146684822,0.0,372963,4265.117902185237,78646.795159125
9900.794289447815,750,5.281953534427974,0.0,405596,5641.627932420245,58170.284747625
9903.423628687206,300,6.6526142950367,0.0,140881,2629.3392393912754,58170.284747625
9907.682330637686,750,6.393912344556033,0.0,386472,4258.701950480667,168675.4130225
9910.307688023422,750,7.768554958819227,0.0,399894,2625.3573857368056,132129.0097625
9915.220275020298,1200,6.855967961943908,0.0,656471,4912.586996875319,148233.088835
9917.619132971553,750,8.45711001068758,0.0,343800,2398.8579512563283,159496.116505
9921.670390092939,1200,8.405852889301732,0.0,587236,4051.257121385848,137079.48369625
9926.192084865617,1200,7.884158116625083,0.0,590335,4521.694772676648,149180.89171999999
9931.149975754448,1200,6.9262672277941055,0.0,696376,4957.890888830978,159660.51660499998
9933.388551257383,750,8.6876917248581,0.0,277716,2238.5755029360066,148522.580645
9938.281073294016,1200,7.795169688225828,0.0,622896,4892.522036632272,142912.7094975
9944.137430665754,1200,5.938812316488459,0.0,641447,5856.357371737368,126969.35933125
9949.008162379969,750,5.068080602273662,0.0,358218,4870.731714214797,53537.037037
9951.0824732671,300,6.99376971514153,0.0,157488,2074.310887132132,109740.06810437501
9954.479309655342,750,7.596933326900109,0.0,369834,3396.836388241421,121353.6392405
9959.207827238864,1200,6.868415743376392,0.0,670129,4728.517583523717,143148.66112625
9962.05416734852,750,8.022075633720961,0.0,401088,2846.340109655432,144382.99737124998
9967.72651773003,1200,6.349725252209987,0.0,598727,5672.350381510973,109222.649807625
9970.70201612145,750,7.374226860791333,0.0,321064,2975.498391418654,108320.23809525
9976.820764909324,1200,5.255478072917578,0.0,575591,6118.748787873755,105435.301133
9978.334373188689,300,7.741869793552201,0.0,144254,1513.6082793653766,108083.909180625
9983.390418644187,1200,6.685824338055882,0.0,587506,5056.045455496319,117301.37981112499
9986.943653196606,750,7.13258978563748,0.0,345516,3553.2345524184025,107872.93144212499
9990.502645551447,750,7.573597430796487,0.0,384505,3558.9923548409924,124576.90041249999
9996.459458560554,1200,5.616784421689455,0.0,599477,5956.8130091070325,94690.23205612501
10001.95461208916,750,4.12163089308513,0.0,438281,5495.1535286043245,61044.681692375
10004.72358454485,300,5.3526584373931385,0.0,167025,2768.972455691992,68616.561356875
10007.606392822714,300,6.469850159530058,0.0,160064,2882.8082778630805,49457.255343125
10013.162617429125,750,4.913625553119771,0.0,331053,5556.2246064102865,106287.20146975
10014.415417940258,300,7.660825041987642,0.0,118421,1252.8005111321286,106287.20146975

