6572.4022737393525,750,4.0,3.383176362969059,450283,3383.176362969059,115690.35532999999
6574.527605676554,300,5.874668062799087,0.0,155580,2125.331937200913,55403.831982375
6578.996437632518,750,5.40583610683513,0.0,350812,4468.831955963957,153583.79666375
6580.156835643999,300,8.245438095353329,0.0,155432,1160.3980114817998,143401.06141
6584.8482569413745,1200,7.554016797978411,0.0,652874,4691.421297374918,127282.32758624999
6589.028192449553,1200,7.374081289799911,0.0,520315,4179.935508178501,135815.65471875
6593.800135451343,1200,6.602138288010057,0.0,561791,4771.943001789854,98014.800197375
6600.277745404493,750,4.124528334860103,0.0,437162,6477.609953149953,61049.072165000005
6602.135699667769,300,6.266574071584876,0.0,150710,1857.954263275227,94978.07933200001
6604.958390502623,750,7.443883236729765,0.0,362795,2822.69083485511,160780.995475
6609.157560308676,1200,7.244713430676883,0.0,607410,4199.169806052883,166955.89482625
6613.123194891091,1200,7.279078848262967,0.0,594078,3965.634582413915,133519.38551625
6618.284571317147,1200,6.117702422206155,0.0,624282,5161.376426056812,108471.25710675
6621.319511003584,750,7.082762735770102,0.0,434409,3034.9396864360524,187458.33333375
6623.294225790027,750,9.108047949327071,0.0,337059,1974.7147864430312,170776.5486725
6629.482886720855,1850,6.919387018497865,0.0,923170,6188.660930829205,153776.0
6632.085353913336,750,8.316919826017113,0.0,360831,2602.467192480752,147910.22638625
6635.972710009195,1200,8.429563730158698,0.0,581493,3887.3560958584144,158831.91126249998
6640.436669537462,1200,7.965604201890951,0.0,639204,4463.9595282677465,151365.7042875
6644.772075919409,1200,7.6301978199442875,0.0,586839,4335.406381946664,132719.26427875
6649.004527583339,1200,7.397746156014066,0.0,601738,4232.451663930221,150256.09756125
6656.646339061229,1200,4.0,0.24406532187566063,616206,7641.811477889727,141248.92966375
6657.947974773817,300,6.698364287411732,0.0,163927,1301.6357125882673,141248.92966375
6662.6673058185825,750,5.979033242645353,0.0,343800,4719.331044766379,89302.443522375
6666.018358117007,750,6.6279809442218065,0.0,359903,3351.0522984235463,153583.79666375
6668.748303759745,750,7.898035301483213,0.0,379700,2729.9456427385944,165055.6962025
6674.122381595712,1200,6.523957465516113,0.0,696376,5374.077835967099,132052.8109025
6676.489628763037,750,8.156710298191209,0.0,277716,2367.247167324904,112068.707483
6682.365790179877,1200,6.280548881351084,0.0,622896,5876.161416840126,57758.016032125
6688.482945935057,750,4.1633931261715125,0.0,400508,6117.155755179571,94978.07933200001
6689.804331053027,300,6.842008008199854,0.0,157421,1321.3851179716585,145020.23121375
6692.727519101957,750,7.918819959270584,0.0,400322,2923.1880489292703,136221.10939875
6696.548746478254,1200,8.097592582973892,0.0,584349,3821.2273762966925,180473.74301625
6701.3392158649185,1200,7.307123196309527,0.0,670129,4790.469386664365,142931.34822125
6706.844840970735,1200,5.801498090492347,0.0,690253,5505.625105817179,177158.572845
6708.9935551136105,750,7.652783947616163,0.0,365161,2148.7141428761847,187493.90243875
6712.180902553661,1200,8.465436507565661,0.0,487812,3187.347440050501,138480.31496125
6716.139213540425,1200,8.507125520803205,0.0,575591,3958.3109867624557,153776.0
6720.151617453829,1200,8.494721607398168,0.0,605884,4012.4039134050377,177178.06731875
6724.267135757305,1200,8.37920330392192,0.0,587506,4115.518303476249,144681.24474375
6728.314354938261,1200,8.33198412296598,0.0,566904,4047.219180955937,135971.02425875
6733.087544424084,1200,7.5587946371433175,0.0,641452,4773.189485822664,162761.6400275
6739.706967845681,1200,4.939371215546194,0.0,599477,6619.423421597124,88122.19959262501
6741.8367153031595,300,6.809623758067656,0.0,172312,2129.7474574785374,157832.0537425
6744.927143269065,750,7.7191957921620284,0.0,398987,3090.4279659056274,115690.35532999999
6752.3159537976835,1200,4.330385263543779,0.0,638661,7388.810528618249,143401.06141
6753.405320179655,300,7.241018881572062,0.0,137507,1089.3663819717176,143401.06141
6757.378640054608,1200,7.267699006619641,0.0,550906,3973.3198749524213,127282.32758624999

