7753.179703526266,750,4.0,4.492096968258112,450283,4492.096968258112,99382.76039000001
7754.578180365792,300,6.6015231604739535,0.0,155580,1398.4768395260464,134559.49895625
7757.443662561965,750,7.736040964301694,0.0,350812,2865.48219617226,131892.51934625
7762.910338190038,1200,6.269365336228378,0.0,617681,5466.675628073315,115500.907441
7766.428905430178,750,6.750798096088265,0.0,411561,3518.567240140114,117169.98577525
7769.186040314538,750,7.993663211728243,0.0,318564,2757.134884360023,116695.035461
7774.076574161467,1200,7.103129364799954,0.0,561791,4890.533846928289,135571.42857125003
7777.993787848831,750,7.185915677435749,0.0,437162,3917.2136873642053,95569.1231845
7782.104376667407,750,7.0753268588593805,0.0,374758,4110.588818576369,113577.80082987499
7786.439078775711,750,6.740624750555198,0.0,362795,4334.702108304182,88467.8651685
7790.762829515916,750,6.41687401035094,0.0,353220,4323.750740204258,100169.08850725
7796.818672302022,750,4.361031224244327,0.0,405134,6055.842786106613,56343.006195
7800.305907353811,300,4.87379617245496,0.0,160746,3487.235051789367,48970.813064625
7803.158143530667,300,6.021559995598873,0.0,179801,2852.2361768560877,86373.23943662501
7806.809153946389,750,6.37054957987635,0.0,337059,3651.0104157225223,104229.154519
7810.854064656671,750,6.3256388695947114,0.0,366214,4044.9107102816383,97615.873015875
7815.505460679137,750,5.674242847128741,0.0,360831,4651.39602246597,82730.553328
7820.624327660515,750,4.555375865751292,0.0,372963,5118.8669813774495,78782.627866
7823.30435188573,300,5.875351640535732,0.0,165384,2680.0242252155595,64117.84263025
7829.114850356432,750,4.064853169834225,0.0,350713,5810.498470701507,59395.924764875
7831.774914842393,300,5.404788683873248,0.0,157671,2660.0644859609774,66848.6842105
7834.833629032274,300,6.346074493991349,0.0,157812,3058.714189881898,50395.614576875
7840.1550189169075,750,5.02468460935757,0.0,401853,5321.389884633779,98129.1512915
7841.59442909672,300,7.5852744295453,0.0,137654,1439.4101798122715,109011.944260125
7846.868670606673,1200,6.311032919592385,0.0,587236,5274.241509952914,126667.29441249999
7850.118949398786,750,7.0607541274794094,0.0,379700,3250.278792112975,134410.78431375002
7853.768402052383,750,7.41130147388245,0.0,425781,3649.4526535969603,125315.1417875
7858.8521261393125,1200,6.3275773869525995,0.0,487160,5083.72408692985,112060.4395605
7862.716911852641,750,6.462791673624804,0.0,400396,3864.785713327795,99382.76039000001
7866.403385385168,750,6.776318141097918,0.0,400508,3686.473532526887,132085.19553125
7869.371202093667,750,7.808501432598678,0.0,358218,2967.816708499239,121863.55140187501
7874.937062118923,1200,6.242641407343322,0.0,620283,5565.860025255357,119437.596302
7878.09449413645,750,7.085209389815724,0.0,369834,3157.432017527598,117169.98577525
7881.639318864931,750,7.540384661335296,0.0,412837,3544.824728480428,137302.00414625
7887.558652558152,1200,5.6210509681139476,0.0,690253,5919.333693221349,110827.167310875
7891.470814265544,750,5.708889260722193,0.0,365161,3912.1617073917537,97151.098901125
7895.028084240804,750,6.151619285462458,0.0,321064,3557.269975259735,83557.15460524999
7899.544393109463,750,5.635310416802542,0.0,361565,4516.308868659917,81825.734549125
7904.162888823008,750,5.016814703257293,0.0,378327,4618.495713545249,80158.541941125
7906.759909285222,300,6.419794241043447,0.0,149991,2597.0204622138463,56343.006195
7913.427187542232,750,4.0,0.2474840159660671,345516,6667.278257009514,86373.23943662501
7915.373808577941,300,6.053378964290068,0.0,161857,1946.6210357099328,100984.63356975
7919.331430290627,750,6.095757251604822,0.0,372093,3957.621712685245,94486.2681745
7924.579527932776,750,4.847659609456401,0.0,438281,5248.097642148421,82730.553328
7926.784689465017,300,6.642498077215328,0.0,167025,2205.1615322410726,82730.553328
7932.22907245401,750,5.198115088222144,0.0,393804,5444.382988993185,64117.84263025
7934.5665440810735,300,6.860643461158583,0.0,137507,2337.4716270635604,64117.84263025
7939.753914502689,750,5.673273039541873,0.0,314107,5187.37042161671,59395.924764875

