13293.86693497964,750,4.0,4.851455205977005,450283,4851.455205977005,77186.49732625
13296.070599859344,300,5.796335120296149,0.0,155580,2203.664879703851,71221.875
13301.612251123097,750,4.254683856543219,0.0,350812,5541.65126375293,72818.421052625
13304.129875427443,300,5.737059552197051,0.0,155432,2517.624304346168,51590.715048000005
13311.932331255653,750,4.0,2.0653962760139364,411561,7802.455828210987,125115.00815625001
13313.06824362419,300,6.864087631464736,0.0,126289,1135.9123685352642,127753.755715
13315.821189369748,750,8.111141885906939,0.0,352642,2752.9457455577976,102646.77419350001
13325.450352411328,1200,4.0,1.5180211556726553,709534,9629.163041579593,52668.623422375
13328.556826718559,300,4.893525692768204,0.0,150710,3106.474307231796,34332.811684875
13332.757211233707,300,4.693141177620348,0.0,139105,4200.384515147855,55745.230078625005
13335.515561703287,300,5.934790708040989,0.0,141840,2758.35046957936,55745.230078625005
13341.559439170205,750,4.0,0.10908675887823119,405134,6043.87746691922,62449.553877875
13343.90537835383,300,5.654060816376497,0.0,160746,2345.9391836235022,92237.13235300001
13348.318126899212,750,5.241312270992475,0.0,434409,4412.748545384022,112908.68454662501
13349.583804759026,300,7.975634411179951,0.0,140051,1265.6778598125247,129880.18979874998
13355.790064278726,1200,5.769374891479527,0.0,587876,6206.259519700424,80969.56753875
13359.871417234519,750,5.688021935686435,0.0,360831,4081.3529557930915,115587.95986625
13363.08082740493,750,6.478611765274456,0.0,372963,3209.41017041198,168013.69863
13365.424955950471,750,8.134483219734376,0.0,405596,2344.12854554008,233664.0522875
13368.696077527957,1200,8.863361642248561,0.0,586839,3271.121577485815,152100.49261125
13378.540313203692,1850,4.0,0.9808740334872363,891604,9844.235675735797,56851.133749625
13381.048741055713,300,5.491572147980356,0.0,157812,2508.4278520196435,93613.14229250001
13382.922373713278,300,7.617939490415177,0.0,163927,1873.6326575651794,104499.092559
13391.407990345308,1200,4.0,0.8676771416133442,536667,8485.616632028521,47952.3441525
13394.358302678163,300,5.049687667142353,0.0,146754,2950.3123328576467,98548.890222
13396.051150359457,300,7.3568399858486675,0.0,153938,1692.8476812936858,115221.701272625
13401.194060047686,1200,6.2139302976190285,0.0,696376,5142.909688229639,146112.23750875
13402.93547740414,750,8.472512941164746,0.0,277716,1741.4173564542823,225121.51067375
13406.017371383674,1200,9.390618961629928,0.0,622896,3081.89397953482,256118.055555
13414.256414096646,1850,5.15157624865749,0.0,975811,8239.042712972438,77186.49732625
13416.647178564126,300,6.760811781177592,0.0,157421,2390.7644674798976,62678.61609
13423.233321961925,750,4.1746683833784495,0.0,400322,6586.143397799143,51590.715048000005
13426.265393185264,300,5.142597160038616,0.0,143881,3032.0712233398326,49475.804342125
13429.822776081352,300,5.585214263951186,0.0,163444,3557.3828960874307,49475.804342125
13431.44624674344,300,7.961743601862478,0.0,179328,1623.4706620887075,127753.755715
13436.74661038661,1200,6.661379958693866,0.0,598727,5300.363643168613,90607.831677375
13441.251236039789,750,6.1567543055148075,0.0,321064,4504.625653179059,64604.313725500004
13448.593295229304,750,4.0,1.1853048840012679,361565,7342.059189516075,34332.811684875
13452.316096116101,300,4.277199113203913,0.0,144254,3722.8008867960866,55745.230078625005
13455.057809557975,300,5.5354856713302185,0.0,149991,2741.713441873694,93423.8249595
13456.998087713126,300,7.595207516178728,0.0,147968,1940.2781551514906,70665.39379475
13465.388828323565,1200,4.0,0.795533094259953,641452,8390.740610438681,110555.69383949999
13466.825031455697,300,6.563796867867262,0.0,145210,1436.2031321327386,112908.68454662501
13470.956939058507,750,6.431889265058725,0.0,438281,4131.9076028085365,93378.08349149999
13475.705383783828,750,5.68344453973692,0.0,398987,4748.444725321805,80969.56753875
13479.675108087626,750,5.713720235939525,0.0,393804,3969.7243037973954,115587.95986625
13482.227633043341,750,7.161195280224247,0.0,331053,2552.5249557152783,168013.69863
13483.989125055565,750,9.399703268001064,0.0,314107,1761.4920122231833,233664.0522875

