9638.224703412065,750,4.0,4.2446647119615655,450283,4244.664711961565,122692.446043125
9639.639491545599,300,6.5852118664659365,0.0,155580,1414.7881335340633,122692.446043125
9642.67889789066,750,7.545805521403725,0.0,350812,3039.406345062212,122320.97457625001
9647.060582196937,1200,7.164121215128011,0.0,617681,4381.684306275713,169315.55944
9650.263287199356,750,7.961416212708109,0.0,411561,3202.705002419902,133499.56483875
9654.186541247938,1200,8.03816216412614,0.0,520315,3923.2540485819686,166833.33333375
9658.5578208837,1200,7.666882528366114,0.0,561791,4371.279635760027,152115.42012875
9665.038824855346,1200,5.185878556718562,0.0,709534,6481.003971647552,125994.53551875001
9666.221352635512,300,8.00335077655355,0.0,150710,1182.5277801650118,187397.46835500002
9671.133444719962,1200,7.09125869210343,0.0,560821,4912.092084450119,139672.16981125
9673.974507131674,750,8.250196280393627,0.0,353220,2841.0624117098027,114648.16753925
9678.830953804503,1200,7.393749607562033,0.0,594078,4856.446672831595,131320.32520375
9683.091300451832,1200,7.133402960234751,0.0,624282,4260.346647327282,184958.00524875
9685.659691969877,750,8.565011442189858,0.0,434409,2568.3915180448926,156470.69597124998
9689.547460672262,1200,8.67724273980644,0.0,526950,3887.7687023834183,133304.913295
9694.24428845687,1200,7.980414955196568,0.0,587876,4696.827784609872,123158.26330537499
9698.837687349675,1200,7.387016062392382,0.0,617242,4593.398892804185,131944.9860725
9703.786680089162,1200,6.438023322904755,0.0,581493,4948.992739487628,140666.66666625
9707.358403335445,750,6.86630007662303,0.0,405596,3571.7232462817233,105987.74193549999
9710.840397710146,750,7.384305701922101,0.0,350713,3481.9943747009293,130181.33935250001
9716.160781241828,1200,6.063922170240519,0.0,601738,5320.383531681582,87547.25415075
9720.987250673681,750,5.237452738386937,0.0,399894,4826.469431853583,87003.71471024999
9723.14803948044,300,7.076663931627817,0.0,163927,2160.7888067591193,82179.1329205
9731.008728425631,750,4.0,0.7840250135630076,343800,7860.688945190825,81254.980079625
9733.345474705662,300,5.6632537199690915,0.0,146754,2336.7462800309086,58777.021276625
9739.652976274001,750,4.0,0.6442478483696905,379700,6307.501568338782,73139.42628425
9742.294471212685,300,5.358505061314772,0.0,181901,2641.4949386852277,75440.13490725
9744.416144682958,300,7.2368315910416445,0.0,111155,2121.6734702731274,56611.618257250004
9751.020367401114,1200,4.6326088728874275,0.0,622896,6604.222718154218,133150.92502375
9752.08065173536,300,7.572324538640575,0.0,149029,1060.284334246852,162733.76623375
9756.420678202203,1200,7.23229807179799,0.0,570392,4340.026466842585,123141.927083375
9760.665432478636,1200,6.987543795363823,0.0,620283,4244.754276434167,172624.77396
9762.963554100503,750,8.68942217349881,0.0,369834,2298.1216218650125,191797.52066125
9767.623498194222,1200,8.0294780797799,0.0,670129,4659.94409371891,143241.52847875
9772.454377303175,1200,7.198598970828321,0.0,690253,4830.879108951578,156192.99610875
9774.859836617698,750,8.79313965630423,0.0,365161,2405.4593145240906,162215.59633
9777.872868348015,1200,9.780107925985124,0.0,487812,3013.0317303191055,130878.3244675
9787.167807744152,1850,4.485168529847384,0.0,938587,9294.939396137741,92844.53227937501
9788.869185997253,300,6.783790276746938,0.0,144254,1701.3782531004465,106059.29586162501
9792.5808670373,750,7.072109236700294,0.0,390680,3711.681040046644,144388.52988750002
9795.236320900502,750,8.416655373497798,0.0,345516,2655.453863202495,143911.0764425
9800.558175063237,1200,7.094801210761321,0.0,641452,5321.854162736478,88421.317244875
9804.641057536699,750,7.0119187372992835,0.0,372093,4082.882473462037,97619.235095625
9810.073151519378,750,5.5798247546194935,0.0,438281,5432.09398267979,125444.444445
9811.638347219465,300,8.01462905453371,0.0,167025,1565.195700085783,99743.8875305
9816.553640880122,1200,7.09933539387895,0.0,638661,4915.293660654761,153104.38024250002
9818.59873065463,750,9.05424561936977,0.0,331053,2045.0897745091806,159017.463235
9823.292577283019,1850,8.36039899098106,0.0,846370,4693.846628388708,199670.92924124998

