14067.935552698524,750,4.0,5.127185897414645,450283,5127.185897414644,101827.010622125
14069.828834199778,300,6.106718498746048,0.0,155580,1893.2815012539522,89406.29095675
14073.897600998676,750,6.037951699846737,0.0,350812,4068.7667988993107,87644.022770375
14078.188328779612,750,5.7472239189110335,0.0,382355,4290.727780935704,85193.201133125
14083.20653718715,750,4.729015511372121,0.0,411561,5018.208407538912,130535.54175250001
14084.304924882095,300,7.6306278164274355,0.0,126289,1098.3876949446853,130535.54175250001
14089.789474581046,1200,6.146078117476947,0.0,561791,5484.549698950488,89033.66834175
14094.555037690145,750,5.380515008378349,0.0,437162,4765.563109098599,107317.919075125
14096.150875640878,300,7.784677057644193,0.0,150710,1595.837950734155,97537.59621075001
14103.570117016596,1200,4.3654356819275435,0.0,560821,7419.24137571665,69686.4258155
14105.702407221295,300,6.233145477228034,0.0,141840,2132.290204699509,76347.68211924999
14109.311796085798,750,6.623756612726067,0.0,405134,3609.3888645019674,132568.03170375
14112.26365662812,750,7.671896070401779,0.0,386351,2951.8605423242875,180423.4693875
14117.021191369295,1200,6.914361329228255,0.0,687371,4757.534741173524,134270.80491125002
14119.464510898968,750,8.471041799554904,0.0,337059,2443.319529673353,146485.5537725
14123.878094849886,1200,8.057457848636101,0.0,587876,4413.583950918802,143330.55091875
14129.095803147384,1200,6.839749551138796,0.0,617242,5217.7082974973055,155137.93103500002
14132.202339976886,750,7.733212721636213,0.0,372963,3106.5368295025823,109413.18214037501
14141.044177882333,1200,4.0,1.1086251838117205,639204,8841.837905447934,76867.581930875
14143.192634776551,300,5.851543105783587,0.0,140881,2148.4568942164133,41696.312364375
14150.783947643173,750,4.0,1.7397697608378202,386472,7591.312866621407,56266.123778500005
14154.019975461555,300,4.763972181616406,0.0,157812,3236.0278183835935,41970.421810750006
14157.87391460666,300,4.91003303651206,0.0,163927,3853.9391451043457,66574.670571
14160.13040224266,300,6.653545400514066,0.0,137654,2256.487635997995,66574.670571
14166.921450304311,750,4.0,0.13750266113815543,359903,6791.048061652221,55870.737252375
14169.901716310611,300,5.019733993699683,0.0,153938,2980.2660063003173,55870.737252375
14172.905842928196,300,6.015607376115378,0.0,181901,3004.1266175843043,74879.26267275
14177.606087389697,750,5.315362914613692,0.0,277716,4700.244461501687,52698.093497
14181.478939514709,300,5.442510789599913,0.0,153605,3872.852125013779,36026.889386874995
14186.207419055143,300,4.714031249166765,0.0,149029,4728.479540433148,30561.524743625003
14191.607837901447,300,4.0,0.6863875971372754,157421,5400.41884630404,38661.934631874996
14195.975694773684,300,4.0,0.36785687223700736,157488,4367.856872237007,38661.934631874996
14199.347457828542,300,4.628236945141231,0.0,143881,3371.7630548587686,51200.35618875
14202.443924669247,300,5.5317701044363,0.0,163444,3096.4668407049307,64185.520361999996
14205.048241352308,300,6.927453421374446,0.0,179328,2604.316683061854,97891.40271487499
14210.125949125026,750,5.849745648656913,0.0,365161,5077.707772717534,68379.20792075
14214.993577729094,750,4.982117044587998,0.0,321064,4867.628604068915,50096.30459125
14217.679409460598,300,6.296285313085203,0.0,124011,2685.8317315027944,45640.276538750004
14225.451715317757,750,4.0,1.4760205440739556,378327,7772.305857159159,67566.413107125
14227.868457138096,300,5.583258179658415,0.0,149991,2416.7418203415846,67566.413107125
14229.844001017093,300,7.607714300664165,0.0,147968,1975.5438789942498,96232.230823375
14236.018133091244,1200,5.433582226512176,0.0,641452,6174.132074151989,111327.839905875
14237.477695348207,300,7.97401996954895,0.0,145210,1459.562256963226,92739.419588875
14245.69011406575,1200,4.0,0.23839874799453356,634861,8212.418717543484,56822.321428625
14248.937417263951,300,4.7526968017977635,0.0,167025,3247.303198202236,54511.251758125
14252.53592892496,300,5.154185140788517,0.0,160064,3598.511661009246,44748.13208
14255.409068811592,300,6.281045254158489,0.0,137507,2873.1398866300274,65975.570684875
14261.208194095241,750,4.48191997050919,0.0,314107,5799.1252836492995,66784.37341449999

