7946.333607191714,750,4.0,6.579692689023528,450283,6579.692689023527,184869.91869875
7947.320395107863,300,7.013212083850239,0.0,155580,986.7879161497615,78802.587446125
7954.698213635364,750,4.0,0.36460644364948164,350812,7377.81852749972,38872.580373625
7958.310498910624,300,4.387714724738744,0.0,155432,3612.2852752612566,48925.223613625
7960.239643741799,300,6.458569893564117,0.0,163442,1929.1448311746271,105742.61603375
7966.310204836592,750,4.388008798771234,0.0,318564,6070.561094792883,57072.609209
7969.149620935918,300,5.548592699444749,0.0,153295,2839.4160993264854,59629.886506875
7971.5159186651335,300,7.182294970230535,0.0,173849,2366.297729214214,147349.663785
7974.256612702176,750,8.441600933187893,0.0,374758,2740.694037042643,166207.31707375
7977.58217137938,1200,9.116042255983649,0.0,560821,3325.558677204244,154074.68879625
7983.674858966092,1850,7.023354669272038,0.0,939819,6092.68758671161,176874.55197124998
7985.9587710284195,750,8.739442606943332,0.0,405134,2283.9120623287054,203145.7489875
7990.154106802512,1200,8.544106832851263,0.0,624282,4195.33577409207,98646.116504875
7995.022414430212,1200,7.675799205150798,0.0,687371,4868.307627700465,155864.33710125
7999.411583907833,1200,7.286629727529602,0.0,526950,4389.169477621196,136656.1085975
8002.653605560259,1200,8.044608075104192,0.0,587876,3242.0216524254097,222329.60199
8005.346940077646,1200,9.351273557717121,0.0,617242,2693.3345173870707,251621.95121999996
8009.304454716233,1850,9.393758919129978,0.0,885714,3957.514638587144,232524.19354875002
8013.110106968295,1850,9.588106667067263,0.0,987708,3805.652252062714,288606.20155
8017.206525362322,1850,9.491688273041381,0.0,923755,4096.418394025881,196476.14410875
8022.404613552063,1850,8.293600083300346,0.0,891604,5198.088189741035,98717.880085625
8026.665345888329,1200,8.032867747033825,0.0,616206,4260.73233626652,245484.59715625
8030.18039922359,1200,8.517814411772845,0.0,656471,3515.053335260982,172265.151515
8033.558671836772,1200,9.139541798591214,0.0,536667,3378.2726131816307,150157.34720375002
8044.465850855923,1850,4.0,1.7676372205597564,897976,10907.17901915097,55533.176746875004
8048.905770693846,300,4.0,0.4399198379223626,153938,4439.919837922363,34743.148357875005
8053.477293563551,300,4.0,0.5715228697055982,181901,4571.522869705598,44081.812035124996
8056.786983398778,300,4.6903101647731855,0.0,111155,3309.6898352268145,33741.57303375
8060.816658418444,300,4.660635145107625,0.0,153605,4029.6750196655607,60997.76357825
8063.664321657068,300,5.8129719064836625,0.0,149029,2847.6632386239617,32576.171464625
8072.50529745467,750,4.0,3.0280038911181038,358218,8840.975797601766,34873.200677375
8076.725362874565,300,4.0,0.2200654198942293,157488,4220.065419894229,82275.10316362501
8078.646183224669,300,6.079179649895765,0.0,143881,1920.8203501042358,82275.10316362501
8081.021076190449,750,7.704286684114937,0.0,412837,2374.8929657808276,222557.9150575
8084.470794993386,1200,8.254567881177186,0.0,690253,3449.7188029377494,224605.56257875
8089.130674605181,1200,7.594688269381908,0.0,598727,4659.879611795278,81775.05030175
8097.475321602118,1200,4.0,0.7499587275552722,487812,8344.646996937181,100434.43708612499
8098.582200005261,300,6.893121596856743,0.0,124011,1106.878403143257,151344.11277
8101.2069362582015,750,8.268385343916801,0.0,378327,2624.7362529399416,156481.865285
8105.57195119547,1200,7.903370406647985,0.0,587506,4365.0149372688165,122015.69965875
8109.925556539056,1200,7.549765063062209,0.0,566904,4353.605343585777,164762.00640374998
8113.243618202283,1200,8.231703399835279,0.0,641452,3318.061663226929,252277.61627875
8116.180657488868,1200,9.294664113250809,0.0,599477,2937.039286584471,189820.87912125
8121.022905978227,1850,8.452415623891222,0.0,973972,4842.248489359587,191993.30357125
8123.78217826579,1200,9.693143336327426,0.0,630203,2759.272287563795,264457.40498
8128.526422791813,1850,8.948898810304684,0.0,982064,4744.244526022743,214175.37746750002
8133.188259327937,1850,8.287062274181089,0.0,830730,4661.836536123594,174153.64658375
8136.1294120352595,1200,9.345909566858897,0.0,550906,2941.1527073221923,257103.44827624998

