21019.999904086257,750,4.0,1.4342768133466879,450283,1434.276813346688,351030.874785
21020.546439746842,300,7.453464339417617,0.0,155580,546.5356605823825,351030.874785
21022.69314800282,1200,9.30675608343726,0.0,571051,2146.7082559803584,249536.49635
21025.658944346033,1850,10.340959740227776,0.0,933276,2965.7963432094843,276879.06137125
21029.994396513073,1850,10.005507573186867,0.0,996749,4335.452167040909,232075.0
21033.768839136534,1850,10.231064949727593,0.0,801058,3774.4426234592756,238220.62350125
21038.542336626346,1850,9.457567459912635,0.0,905515,4773.497489814955,141338.9021475
21046.513694682995,1850,5.486209403264021,0.0,1060487,7971.358056648615,289715.87301625
21047.141272914083,300,8.858631172180148,0.0,150710,627.5782310838721,289715.87301625
21050.803888037022,1850,9.196016049240992,0.0,913888,3662.6151229391558,263259.2047125
21054.74579435829,1850,9.254109727976557,0.0,939819,3941.906321264435,260162.72189375001
21060.158161208154,1850,7.841742878110142,0.0,917428,5412.366849866415,129197.45699374999
21063.940993960583,1200,8.058910125682917,0.0,624282,3782.832752427223,191908.24742250002
21067.15825856161,1200,8.841645524657354,0.0,687371,3217.2646010255658,253491.41965625
21071.339479548096,1850,8.660424538166309,0.0,821631,4181.220986491044,229396.66993124998
21073.97536487973,1200,10.024539206530777,0.0,587876,2635.885331635532,233720.7547175
21079.417331430806,1850,8.582572655455659,0.0,966699,5441.966551075118,127211.3744075
21087.576375542718,1200,4.423528543545202,0.0,581493,8159.044111910457,72806.431273625
21090.226698958737,300,5.77320512752975,0.0,165384,2650.3234160154516,82800.660793
21094.25757528066,750,5.742328805606932,0.0,350713,4030.876321922818,74628.32883062499
21098.540027996572,750,5.459876089692372,0.0,386472,4282.45271591456,132462.00345375002
21099.86943803841,300,8.130466047852167,0.0,157812,1329.4100418402054,135827.08333375
21105.5829628733,1200,6.416941212963181,0.0,656471,5713.524834888986,140936.36363625
21107.85732662115,750,8.142577465118324,0.0,343800,2274.3637478448572,134923.0139225
21110.802567748142,1200,9.197336338126096,0.0,587236,2945.2411269922286,309464.17445500003
21113.490292524817,1850,10.509611561449177,0.0,905935,2687.724776676918,368595.435685
21119.054463900717,2850,8.945440185552359,0.0,1547572,5564.171375896818,327280.30303
21121.634737009594,1850,10.365167076673405,0.0,758197,2580.2731088789546,373960.25104625005
21124.39235126237,1850,11.607552823898699,0.0,972798,2757.6142527747047,348257.4257425
21131.481188152382,2850,8.518715933884945,0.0,1561263,7088.836890013754,166354.781055
21134.43289555584,1200,9.567008530424427,0.0,570392,2951.707403460518,214653.84615375
21138.85114578381,1850,9.148758302453945,0.0,954453,4418.250227970482,306964.61336874997
21142.55084405608,1850,9.44906003018458,0.0,885062,3699.698272269367,178150.472915
21148.714728496307,1850,7.285175589959023,0.0,1035329,6163.884440225556,198864.5707375
21152.856830461657,1200,7.1430736246094035,0.0,690253,4142.101965349619,173253.13059
21154.544198991756,750,9.455705094508136,0.0,365161,1687.3685301012667,271371.59254
21157.50865260206,1850,10.49125148420232,0.0,728962,2964.453610305819,304502.392345
21163.531491152222,2850,8.468412934041428,0.0,1499009,6022.838550160892,223969.74281375002
21165.97033042733,1200,10.02957365893457,0.0,605884,2438.839275106857,261653.90279875
21170.087250549765,1850,9.91265353650253,0.0,930577,4116.92012243204,275168.65417375
21174.514351985228,1850,9.485552101039298,0.0,858450,4427.101435463231,341371.76938375004
21179.70533025741,1850,8.294573828857391,0.0,1025005,5190.9782721819065,88929.72350225
21186.254870112054,1200,5.74503397421289,0.0,599477,6549.539854644502,112486.71419312501
21189.196688145807,750,6.8032159404605625,0.0,438281,2941.818033752327,262065.00691625001
21190.7663614618,750,9.233542624467042,0.0,398987,1569.6733159935206,259017.4603175
21194.4905377367,1850,9.509366349567525,0.0,982064,3724.176274899517,291264.30976375
21197.864448964694,1850,10.135455121574429,0.0,830730,3373.911227993097,320308.98876375
21201.045423157128,1850,10.954480929139532,0.0,846370,3180.9741924348955,250104.0462425

