4471.261899112857,750,4.0,2.005422751396268,450283,2005.4227513962683,207556.79513125
4472.130928549109,300,7.130970563748243,0.0,155580,869.0294362517569,207556.79513125
4474.196902341501,750,9.064996771356444,0.0,350812,2065.9737923918,182274.6645625
4479.492721235311,1850,7.76917787754542,0.0,933276,5295.818893811023,190671.3709675
4482.9968620978925,1200,8.265037014964426,0.0,652874,3504.140862580995,168809.0185675
4486.052050680099,1200,9.209848432758825,0.0,520315,3055.1885822056006,204021.9780225
4491.517845792512,1850,7.744053320344849,0.0,905515,5465.795112413975,166528.683915
4495.404648376882,1200,7.857250735976285,0.0,709534,3886.8025843685646,245235.78363375002
4497.983006923411,1200,9.27889218944594,0.0,584846,2578.3585465303445,240931.45654875
4502.170021305193,1850,9.091877807664655,0.0,913888,4187.014381781285,269996.16858249996
4506.271220466087,1850,8.99067864676999,0.0,939819,4101.199160894666,238981.865285
4510.745953697452,1850,8.515945415404559,0.0,917428,4474.733231365431,216056.8319225
4514.131644465316,1200,9.130254647540562,0.0,624282,3385.6907678639977,180122.00208500001
4520.095452014973,1850,7.166447097883992,0.0,1036454,5963.807549656569,180032.258065
4522.2809922451925,750,8.980906867663874,0.0,337059,2185.540230220119,158062.25680874998
4527.656716787844,1850,7.605182325012898,0.0,923170,5375.724542650977,204134.9112425
4531.189419081655,1200,8.072480031202664,0.0,617242,3532.7022938102327,138773.61018125
4535.963242550118,1200,7.298656562739587,0.0,581493,4773.823468463078,139509.35550874998
4543.610168865231,1200,4.0,0.3482697523736151,639204,7646.926315113202,73830.56265987501
4545.8209371544945,300,5.789231710736986,0.0,140881,2210.768289263014,68475.71357037501
4551.378127166647,750,4.232041698585076,0.0,386472,5557.190012151909,69780.5846265
4553.83870187272,300,5.771466992511936,0.0,157812,2460.57470607314,69780.5846265
4557.01354598174,750,6.596622883491106,0.0,401853,3174.84410902083,124739.15816325
4559.931369790707,750,7.678799074523815,0.0,343800,2917.823808967291,139972.87389999998
4564.717794167521,1200,6.892374697710792,0.0,587236,4786.424376813024,94245.423341
4568.843264227019,750,6.766904638212891,0.0,379700,4125.4700594979,80607.47091237499
4574.000314217459,750,5.60985464777247,0.0,425781,5157.049990440421,103382.68156425
4576.7305904702425,750,6.879578394989761,0.0,277716,2730.2762527827085,105580.220936375
4580.584060324799,750,7.026108540433122,0.0,400396,3853.469854556639,125134.46567625
4584.167267304863,750,7.442901560368229,0.0,400508,3583.206980064893,117598.95833337499
4589.859585461077,1200,5.750583404155976,0.0,570392,5692.318156212254,86512.264689125
4595.001801992476,750,4.608366872756122,0.0,400322,5142.216531399854,52601.89101762501
4597.961046089609,300,5.649122775623194,0.0,143881,2959.244097132927,52601.89101762501
4606.089358462548,750,4.0,2.479189597315336,412837,8128.312372938531,42358.530805625
4610.5435541874,300,4.0,0.45419572485195114,179328,4454.195724851951,46283.566341375
4613.89452639037,300,4.649027797030118,0.0,159914,3350.972202969883,107201.62696112499
4615.266828065563,300,7.276726121837246,0.0,131610,1372.301675192872,107201.62696112499
4619.708409620967,1200,6.835144566432439,0.0,575591,4441.581555404807,133442.12098625
4622.5574723518685,750,7.986081835531539,0.0,378327,2849.0627309009005,163205.6603775
4626.887646883747,1200,7.655907303653241,0.0,587506,4330.174531878298,117820.21660649999
4631.925508427895,1200,6.618045759505034,0.0,566904,5037.861544148206,116511.34751775
4635.04647949639,750,7.497074691010377,0.0,384505,3120.971068494657,133702.47295250001
4640.142100938186,1200,6.401453249213648,0.0,599477,5095.621441796729,125548.53479875
4644.205719383944,750,6.337834803455749,0.0,438281,4063.618445757898,107044.789762375
4647.8393062382565,750,6.704247949142856,0.0,398987,3633.5868543128927,98311.111111125
4652.032881805904,750,6.510672381495408,0.0,393804,4193.575567647448,101929.98144087501
4655.531668282457,750,7.011885904943376,0.0,331053,3498.786476552033,101929.98144087501
4659.155339629002,750,7.388214558397924,0.0,314107,3623.671346545452,83278.389669625

