16399.93330450612,750,4.0,4.316718207694552,450283,4316.718207694552,228916.10738250002
16400.728712534525,300,7.204591971595131,0.0,155580,795.4080284048688,228916.10738250002
16404.267461807616,1200,7.665842698505159,0.0,571051,3538.7492730899717,142797.7207975
16409.535831933223,1200,6.397472572898031,0.0,617681,5268.370125607128,96355.578196625
16413.098350110482,750,6.834954395640252,0.0,411561,3562.518177257779,138717.02127625
16416.681902373217,750,7.251402132904242,0.0,318564,3583.5522627360106,72843.571156
16425.26863393966,1200,4.0,1.3353294335387536,561791,8586.731566442995,60544.285189250004
16427.551548465613,300,5.71708547404425,0.0,173849,2282.91452595575,90171.8592965
16431.946384957515,750,5.322248982144809,0.0,374758,4394.836491899441,114143.564356375
16433.320955381558,300,7.947678558102464,0.0,139105,1374.570424042346,109257.56457562499
16439.120414928057,1200,6.148219011604098,0.0,607410,5799.459546498365,116729.960578125
16442.829218050156,750,6.439415889504579,0.0,405134,3708.8031220995204,104747.938144375
16446.63774814432,750,6.630885795340261,0.0,386351,3808.5300941643172,119558.84529975
16453.47337042302,750,4.0,0.20473648336204678,434409,6835.622278702308,43991.564232375
16455.45114391708,300,6.022226505940879,0.0,140051,1977.7734940591206,110276.962348375
16459.443971932295,750,6.029398490726989,0.0,366214,3992.82801521389,77103.726987
16464.898305667743,750,4.5750647552805335,0.0,360831,5454.333735446457,56478.04107425
16467.286787565932,300,6.186582857089807,0.0,150616,2388.481898190726,86433.99014775
16474.471075110934,750,4.0,0.9977046879123199,405596,7184.2875450021265,41871.98264175
16476.47877860955,300,5.992296501384303,0.0,140881,2007.7034986156982,92983.3258225
16481.09731881606,750,5.373756294872223,0.0,386472,4618.54020651208,86276.677933375
16482.928676344025,300,7.542398766908124,0.0,157812,1831.3575279640984,100154.06809
16491.10890454485,1200,4.0,0.6378294339174873,656471,8180.228200825612,120964.4180875
16492.35039184525,300,6.758512699599807,0.0,137654,1241.487300400193,149574.01315749998
16495.3889207195,750,7.719983825351977,0.0,359903,3038.52887424783,146418.00356500002
16500.36281846817,1200,6.746086076682642,0.0,590335,4973.897748669336,66538.902538875
16504.038791833347,750,7.070112711502953,0.0,425781,3675.9733651796887,150005.08905875002
16505.822567553027,750,9.286336991824552,0.0,277716,1783.7757196784005,144665.8431125
16513.078716427655,1850,6.030188117196463,0.0,972798,7256.148874628088,163656.39810375
16515.76681350048,750,7.342091044373925,0.0,400508,2688.097072822538,158662.807525
16519.304237357304,1200,7.804667187544999,0.0,570392,3537.423856828925,177603.67170625
16522.959015752946,1200,8.149888791905722,0.0,620283,3654.778395639277,151444.09695125
16526.993863939173,1200,8.115040605676883,0.0,584349,4034.848186228839,202898.14814875
16530.972850129052,1200,8.136054415798629,0.0,670129,3978.9861898782533,167623.35381874998
16534.634639980664,1200,8.474264564185942,0.0,690253,3661.7898516126884,191711.53846125
16537.66358703745,1200,9.445317507401741,0.0,598727,3028.947056784201,246740.0
16541.570878105907,1850,9.538026438942085,0.0,728962,3907.2910684596573,226976.89345375
16546.064099437288,1850,9.044805107561153,0.0,938587,4493.221331380932,201938.748335
16550.251406508105,1850,8.857498036741156,0.0,908665,4187.3070708199975,249804.0935675
16555.40218755843,1850,7.706716986418876,0.0,930577,5150.78105032228,189816.00736000002
16558.877368743786,1200,8.23153580106349,0.0,566904,3475.181185355385,183668.78306875
16563.848264679735,1200,7.260639865113364,0.0,641452,4970.895935950126,101193.321616875
16570.96626674135,1200,4.142637803496055,0.0,599477,7118.002061617309,193956.31641125
16571.98172863647,300,7.127175908377583,0.0,172312,1015.4618951184721,193070.70707124998
16574.30789102543,750,8.801013519418946,0.0,398987,2326.1623889586367,211297.78933625002
16578.978331830684,1850,8.130572714164005,0.0,982064,4670.440805254942,246800.8429925
16581.40273777741,1200,9.706166767437823,0.0,538612,2424.4059467261814,246465.2567975
16587.10948359905,1850,7.999420945796087,0.0,846370,5706.745821641734,99635.345667

