5619.420436758765,750,4.0,6.835416697573638,450283,6835.416697573638,50756.696428625
5622.726974980828,300,4.693461777936518,0.0,155580,3306.5382220634815,50756.696428625
5624.913292338771,300,6.507144419993679,0.0,139857,2186.3173579428385,74215.252707625
5629.603546097562,750,5.81689066120316,0.0,382355,4690.25375879052,69098.5346135
5633.494219478126,750,5.926217280639089,0.0,411561,3890.6733805640706,130787.98109375
5636.1074420033265,750,7.3129947554382175,0.0,318564,2613.222525200871,154783.96072
5639.796640451699,1200,7.623796307065115,0.0,561791,3689.1984483731035,150150.0
5644.751484142884,1200,6.66895261588118,0.0,709534,4954.843691183935,159016.40926625
5647.121213468528,750,8.299223290236723,0.0,374758,2369.729325644456,177641.02564125002
5650.77149761239,1200,8.64893914637527,0.0,560821,3650.284143861455,170391.38576749997
5654.419952636042,1200,9.000484122723769,0.0,607410,3648.4550236515,145407.07236875
5661.195958297836,1850,6.224478460929361,0.0,917428,6776.005661794407,160652.5423725
5664.7894960497215,750,6.630940709043039,0.0,386351,3593.5377518863215,145335.576115
5668.156425412528,750,7.26401134623643,0.0,434409,3366.9293628066102,161958.29383875
5671.953608190875,1200,7.466828567890197,0.0,526950,3797.182778346233,182486.64688374999
5675.505531506685,1200,7.914905252079883,0.0,587876,3551.923315810314,156886.70829625
5679.175026231357,1200,8.245410527408024,0.0,617242,3669.4947246718593,258205.97014875003
5682.146307154576,1200,9.27412960418898,0.0,581493,2971.2809232190452,235470.41847
5687.195233443345,1850,8.225203315420703,0.0,987708,5048.926288768276,193668.65315875
5690.336497453543,1200,9.083939305222213,0.0,586839,3141.2640101984907,145540.3397025
5696.966551819876,1850,6.45388493888928,0.0,891604,6630.054366332934,142798.6798675
5700.077073385662,750,7.34336337310338,0.0,399894,3110.521565785899,137211.25827875
5706.33533311567,1200,5.085103643093849,0.0,656471,6258.259730009531,80698.343848625
5708.193905625535,300,7.226531133229487,0.0,137654,1858.5725098643627,81577.876984125
5713.087571092521,1200,6.332865666243707,0.0,587236,4893.66546698578,181704.50281375
5715.419392575302,750,8.001044183463048,0.0,379700,2331.8214827806596,173418.83408125
5720.467609115379,1200,6.952827643384943,0.0,696376,5048.216540078105,136290.0
5722.742083568885,750,8.678353189878829,0.0,277716,2274.474453506114,114160.5301915
5728.4458481442925,1200,6.974588614470911,0.0,622896,5703.764575407917,111040.841584125
5733.092662656114,750,6.327774102649063,0.0,400508,4646.814511821848,92822.061191625
5736.365884983781,750,7.054551774982545,0.0,358218,3273.222327666518,139875.4804
5740.03085371507,750,7.389583043693237,0.0,400322,3664.9687312893084,112019.54602775
5745.18747023196,1200,6.232966526803043,0.0,584349,5156.616516890193,100634.45807775
5749.201605092545,750,6.218831666218431,0.0,412837,4014.134860584612,122106.28019325
5752.465224007616,750,6.9552127511474975,0.0,401088,3263.6189150709347,143286.89883875
5755.312090918895,750,8.108345839868365,0.0,365161,2846.8669112791317,177753.62318874997
5758.475863259173,1200,8.944573499590206,0.0,487812,3163.77234027816,181448.81075499998
5766.920790485777,1850,4.499646272986058,0.0,938587,8444.927226604148,58201.6286645
5769.0503007234065,300,6.37013603535613,0.0,144254,2129.510237629928,129721.22571
5771.850379347911,750,7.570057410851847,0.0,390680,2800.0786245042837,144967.86534
5776.689254471946,1200,6.731182286817498,0.0,566904,4838.875124034348,111106.902871125
5780.141322008945,750,7.279114749818145,0.0,384505,3452.0675369993537,154544.68485375
5785.337767447626,1200,6.082669311137211,0.0,599477,5196.445438680934,121044.39112175
5789.151049406752,750,6.269387352011894,0.0,438281,3813.2819591253174,104575.896262375
5794.250595898691,750,5.169840860072382,0.0,398987,5099.546491939512,95564.54293625
5796.329094326982,300,7.0913424317815625,0.0,160064,2078.49842829082,70680.337294
5801.545680669993,750,5.8747560887710595,0.0,331053,5216.586343010503,60866.333725
5807.057894623643,750,4.362542135121741,0.0,314107,5512.213953649319,60866.333725

