23736.46379938771,750,4.0,0.8872836624630916,450283,887.2836624630917,561539.74895375
23736.843583010716,300,7.620216376998051,0.0,155580,379.78362300194965,541404.761905
23738.045229241467,1200,10.418570146244754,0.0,571051,1201.6462307532977,533353.34873
23741.359025718895,2850,11.10477366882031,0.0,1520281,3313.7964774244447,504777.7777775
23744.32411316024,2850,12.139686227473497,0.0,1472558,2965.087441346812,569272.2063037499
23748.077813504926,4300,12.385985882786354,0.0,1941625,3753.700344687144,404190.96509250003
23752.95828052054,4300,11.505518867174702,0.0,2157535,4880.467015611653,460084.78803
23756.658267115396,2850,11.805532272319923,0.0,1638769,3699.98659485478,406440.0
23760.030169220892,2850,12.433630166823885,0.0,1348011,3371.9021054960367,493884.49848
23765.333080758995,4300,11.130718628719066,0.0,2169201,5302.91153810482,411906.56063624995
23768.569979980886,2850,11.893819406827534,0.0,1354548,3236.899221891532,544804.78087625
23771.99366122262,2850,12.47013816509575,0.0,1519951,3423.6812417317838,445168.34170875
23794.957342729234,4300,4.0,10.493543341519924,2209463,22963.681506615674,326226.93726875004
23795.571140192977,300,7.386202536255103,0.0,179801,613.7974637448974,396699.2753625
23797.07976728156,1200,9.87757544766931,0.0,526950,1508.6270885857941,419703.62473375
23799.555542670078,1850,11.401800059153098,0.0,923170,2475.7753885162106,387902.75229375
23804.04631662266,2850,10.911026106571473,0.0,1491626,4490.773952581625,331205.27307
23807.925881956107,2850,11.031460773123543,0.0,1358801,3879.5653334479302,435149.33333375
23812.43602850328,2850,10.521314225950512,0.0,1537156,4510.146547173031,432410.75794625
23817.93422337406,2850,9.023119355171083,0.0,1336050,5498.194870779427,161362.14953249999
23822.84401231145,1850,8.113330417785109,0.0,891604,4909.788937385975,272737.9767825
23825.200467270304,1200,9.75687545892751,0.0,616206,2356.454958857598,325467.5324675
23827.82465233688,1850,11.132690392349677,0.0,968026,2624.1850665778347,369737.240075
23832.376024952224,2850,10.581317777003486,0.0,1323990,4551.372615346191,252379.74683499997
23837.682685024614,2850,9.274657704612949,0.0,1383735,5306.660072390536,331735.4596625
23840.48809186274,1850,10.469250866488418,0.0,905935,2805.406838124533,429620.39660000004
23846.27436724826,2850,8.682975480967034,0.0,1547572,5786.275385521384,429055.81395374995
23847.434795408593,1200,11.522547320635407,0.0,487160,1160.4281603316274,503243.90243874997
23851.01846598073,2850,11.938876748496163,0.0,1498470,3583.670572139245,505204.334365
23854.48500658735,2850,12.472336141877044,0.0,1561263,3466.540606619119,455814.43299
23859.236370458773,4300,11.72097227045222,0.0,2113193,4751.363871424822,462599.15611875005
23862.67740903783,2850,12.279933691392959,0.0,1497683,3441.0385790592627,479448.0198025
23867.81437954149,4300,11.142963187734074,0.0,2191074,5136.970503658884,457760.20408125
23871.44663834283,2850,11.510704386393,0.0,1587293,3632.2588013410746,487093.66391124995
23874.67224769278,2850,12.28509503644425,0.0,1492672,3225.609349948749,482664.38356125
23879.504021448785,4300,11.453321280440305,0.0,2143948,4831.773756003946,494492.8774925
23882.00061986343,2850,12.956722865795403,0.0,1139291,2496.5984146449027,506635.09749250003
23886.752092232393,4300,12.205250496832576,0.0,2147467,4751.472368962826,466200.0
23893.385099361592,4300,9.572243367631396,0.0,2133870,6633.007129201181,231404.80961875
23895.24819557142,1850,11.709147157800276,0.0,930577,1863.0962098311195,535703.5830625
23898.109019271425,2850,12.848323457796738,0.0,1339500,2860.8237000035383,463416.91842875
23902.539825500855,4300,12.417517228369652,0.0,2184571,4430.806229427086,576425.0
23906.95371017089,4300,12.003632558335948,0.0,2121928,4413.8846700337035,414360.65573750006
23911.775290894562,4300,11.18205183466325,0.0,2219102,4821.580723672698,528138.13813875
23915.16774243192,2850,11.789600297303124,0.0,1464921,3392.451537360126,468768.0412375
23918.730749211987,2850,12.226593517238758,0.0,1483527,3563.006780064367,483213.11475375
23923.731057422294,4300,11.226285306929775,0.0,1961140,5000.308210308983,409089.55223875
23926.82190727229,2850,12.13543545693581,0.0,1364537,3090.8498499939647,542837.54512625

