5050.1831419291875,750,4.0,12.266701258043659,450283,12266.701258043659,30998.33383825
5054.815062459448,300,4.0,0.6319205302601922,155580,4631.920530260192,49151.524208
5057.862894125781,300,4.952168333667658,0.0,139857,3047.8316663323417,51297.645490875
5061.132370563019,300,5.682691896429397,0.0,155432,3269.4764372382615,51297.645490875
5068.2449992242355,750,4.0,1.4299367647867467,411561,7112.628661216143,79286.53295125
5069.959552100639,300,6.285447123596724,0.0,126289,1714.5528764032747,92473.45767575
5074.091876491934,750,6.153122732301128,0.0,352642,4132.324391295597,90804.608737375
5078.50822043524,750,5.736778788994743,0.0,437162,4416.343943306386,100100.0
5082.315368671863,750,5.92963055237142,0.0,374758,3807.148236623322,114328.908554625
5086.561510005756,750,5.683489218479256,0.0,362795,4246.141333892164,85579.74025975
5090.704394837323,750,5.540604386912314,0.0,353220,4142.884831566942,94495.333811875
5092.873026312739,300,7.371972911496583,0.0,156148,2168.6314754157315,77095.847885125
5100.5888515131555,1200,4.0,0.3438522889204596,624282,7715.825200417043,110339.74711375
5102.552376403507,300,6.036475109648476,0.0,179801,1963.524890351524,93852.614897
5106.306459371921,750,6.282392141234722,0.0,337059,3754.082968413753,109489.0
5111.103209902965,750,5.485641610190153,0.0,366214,4796.7505310445695,69285.814853875
5113.568214079954,300,7.020637433202135,0.0,143509,2465.0041769880186,59515.106853375
5117.712393895942,750,6.876457617214026,0.0,372963,4144.179815988109,150223.04526749998
5120.402378876446,750,8.186472636709784,0.0,405596,2689.9849805042413,154990.46920875
5124.889192087283,1200,7.699659425872244,0.0,586839,4486.813210837541,183344.82758625
5128.8935194608885,1200,7.6953320522673785,0.0,601738,4004.3273736048654,143185.287995
5133.336786236855,1200,7.25206527630088,0.0,616206,4443.266775966498,198135.84474875
5137.63754980018,1200,6.951301712975962,0.0,656471,4300.763563324918,170335.07306875
5139.940514369404,750,8.64833714375216,0.0,343800,2302.964569223802,130907.87623125
5144.348362560783,1200,8.240488952372198,0.0,587236,4407.848191379962,144779.0794975
5148.07122699902,1200,8.517624514135248,0.0,590335,3722.8644382369484,212312.12485
5152.475205393374,1200,8.11364611978182,0.0,696376,4403.9783943534285,169489.88970625002
5155.553567202211,1200,9.03528431094541,0.0,487160,3078.3618088364096,171514.0728475
5161.937568368778,1850,6.6512831443781595,0.0,972798,6384.00116656725,151020.20202
5164.6932917509785,750,7.895559762177347,0.0,400508,2755.7233822008134,171791.45728625
5168.708690677211,1200,7.880160835945409,0.0,570392,4015.3989262319383,140934.40233249997
5174.386179731961,1200,6.202671781194412,0.0,620283,5677.489054750997,183984.42367625
5176.752643152812,750,7.836208360343571,0.0,369834,2366.463420850841,130386.87973125
5185.601428962829,1200,4.0,1.0125774496737723,670129,8848.785810017343,81974.41754225
5187.03940036717,300,6.562028595660038,0.0,179328,1437.9714043399617,174583.47978875
5189.121495399654,750,8.47993356317563,0.0,365161,2082.095032484409,214556.52173875002
5192.095075302688,1200,9.506353660141066,0.0,487812,2973.579903034562,177308.38323375
5197.364639330414,1850,8.23678963241569,0.0,938587,5269.564027725377,150534.94874125
5206.530831140311,1200,4.0,0.9294021774816283,605884,9166.191809897318,50001.157407375
5209.225185298811,300,5.305645841501023,0.0,149991,2694.354158498977,63068.914081124996
5212.009221909189,300,6.521609231122336,0.0,147968,2784.0366103786864,51891.810214625
5218.455349760104,750,4.075481380208098,0.0,384505,6446.1278509142385,125971.10641250001
5219.626756647715,300,6.904074492596931,0.0,145210,1171.4068876111667,158644.66546125
5223.737207885582,750,6.793623254730076,0.0,438281,4110.451237866855,82337.066666625
5229.389606157125,750,5.141224983187444,0.0,398987,5652.398271542633,76818.14273425
5231.662947665465,300,6.8678834748472575,0.0,160064,2273.341508340186,76818.14273425
5233.816092085959,750,8.714739054353137,0.0,331053,2153.1444204941213,198392.201835
5237.122977044185,1200,9.407854096127853,0.0,550906,3306.8849582252833,154089.70727125

