25650.193565620084,750,4.0,3.5333118074124745,450283,3533.3118074124745,118909.565217375
25651.688474457802,300,6.5050911622846534,0.0,155580,1494.9088377153469,111547.47774475001
25655.692720214956,750,6.50084540512849,0.0,350812,4004.245757156163,120851.25
25659.16194843292,750,7.031617187163648,0.0,382355,3469.228217964842,117721.41212587501
25662.653864962016,750,7.5397006580657875,0.0,411561,3491.9165290978613,101301.88679250001
25670.535222056926,1200,4.0,0.3416564368447307,520315,7881.357094910518,79240.29022625
25672.223380640135,300,6.311841416791193,0.0,153295,1688.1585832088065,121490.412979375
25676.077132537866,750,6.45808951905815,0.0,437162,3853.7518977330424,93803.58829087499
25680.848939302054,750,5.6862827548720025,0.0,374758,4771.806764186148,69931.03448275
25687.622824221806,750,4.0,1.0876021648803935,362795,6773.884919752396,80800.32206125
25689.12885104063,300,6.493973181175029,0.0,141840,1506.026818824971,129586.43325999999
25693.09802311023,750,6.52480111157569,0.0,405134,3969.172069599339,143612.01413375
25696.09206560435,750,7.530758617457766,0.0,386351,2994.042494117923,148459.55882375
25701.546889642097,1200,6.075934579707783,0.0,687371,5454.824037749983,125538.598575
25704.500992334717,750,7.121831887087084,0.0,337059,2954.1026926206982,120076.923076875
25707.338170717387,750,8.28465350441496,0.0,366214,2837.1783826721235,142319.26751625
25712.4003536695,1200,7.2224705523016235,0.0,617242,5062.182952113337,134242.02992875
25718.154125001478,1200,5.468699220324088,0.0,581493,5753.771331977536,126230.54545500001
25719.58701638059,300,8.035807841212582,0.0,165384,1432.8913791115053,133177.82909875
25724.13204231003,1200,7.49078191177156,0.0,586839,4545.0259294410225,120517.72525850001
25729.626824514733,1200,5.995999707067522,0.0,601738,5494.782204704038,116842.81650074999
25733.446091962003,750,6.176732259796015,0.0,399894,3819.267447271506,108687.62541800001
25737.0993523348,750,6.523471886998292,0.0,401853,3653.260372797723,119014.80484525
25740.128991257116,750,7.4938329646833,0.0,343800,3029.6389223149927,125114.31623874999
25745.000836627172,1200,6.6219875946289015,0.0,587236,4871.845370054399,105154.499151125
25748.224130189174,750,7.398694032626954,0.0,379700,3223.293562001947,137875.820895
25755.094432924285,1200,4.528391297513584,0.0,696376,6870.3027351133705,120851.25
25756.142608786413,300,7.480215435386425,0.0,111155,1048.1758621271583,120851.25
25761.339287995757,1200,6.283536226043439,0.0,622896,5196.679209342987,101301.88679250001
25766.747806115716,750,4.875018106082365,0.0,400508,5408.518119961073,57955.140186874996
25769.46494020468,300,6.157884017120437,0.0,157421,2717.1340889619287,79240.29022625
25773.635878713838,750,5.986945507963421,0.0,400322,4170.938509157016,124439.667129
25777.18487799705,750,6.437946224753871,0.0,369834,3548.999283209551,93803.58829087499
25783.747781405516,750,4.0,0.12495718371275234,412837,6562.903408466623,44460.786709
25787.01961618801,300,4.72816521750763,0.0,179328,3271.834782492369,80800.32206125
25788.888257010844,300,6.859524394671674,0.0,159914,1868.6408228359558,129586.43325999999
25792.12360131901,750,7.624180086504726,0.0,321064,3235.344308166949,119009.78260875
25796.623936696873,1200,7.123844708645241,0.0,575591,4500.335377859485,148459.55882375
25799.73391114142,750,8.013870264099246,0.0,378327,3109.974444545994,125876.55172375
25804.651993650474,1200,7.09578775504423,0.0,587506,4918.082509055017,120076.923076875
25807.30779630065,750,8.439985104867292,0.0,345516,2655.8026501769386,142319.26751625
25812.559794514465,1200,7.187986891051872,0.0,641452,5251.99821381542,134242.02992875
25816.439351553647,750,7.308429851873814,0.0,372093,3879.5570391780575,110024.014778375
25821.58064072734,1200,6.167140678177081,0.0,634861,5141.289173696734,160163.1445475
25824.93844187493,750,6.809339530589457,0.0,398987,3357.8011475876233,123059.53991875
25828.5918790728,750,7.15590233271977,0.0,393804,3653.437197869687,116842.81650074999
25831.599946628026,750,8.147834777494662,0.0,331053,3008.067555225109,103044.07385350001
25836.79218537532,1200,6.95559603020023,0.0,550906,5192.238747294432,119014.80484525

