16006.807648744758,750,4.0,2.148641230861048,450283,2148.641230861048,162679.65023875
16007.894341473764,300,6.913307270993737,0.0,155580,1086.6927290062629,162679.65023875
16009.758861466647,750,9.0487872781098,0.0,350812,1864.5199928839356,225309.2682925
16016.98977930092,1850,5.817869443837079,0.0,933276,7230.917834272722,214694.66515375
16018.890542940451,750,7.917105804307074,0.0,411561,1900.7636395300062,248211.92893375
16021.449248317673,1200,9.358400427085293,0.0,520315,2558.7053772217796,216220.3626225
16026.650011445035,1850,8.157637299721053,0.0,905515,5200.76312736424,244373.92373875
16029.744218509852,1200,9.06343023490645,0.0,709534,3094.2070648146014,230433.98392625
16033.310580279913,1850,9.49706846484476,0.0,852833,3566.36177006169,231034.03755875
16037.325998283288,1850,9.481650461470807,0.0,913888,4015.4180033739535,251375.7431625
16041.595156991905,1850,9.212491752853284,0.0,939819,4269.158708617522,215530.37383125
16045.594932898912,1850,9.212715845844835,0.0,917428,3999.775907008449,247135.54633500002
16049.70361504912,1850,9.104033695636735,0.0,946851,4108.682150208099,264474.87844375
16056.072632280102,1850,6.73501646465555,0.0,1036454,6369.017230981185,139355.06003375
16058.522823211695,750,8.284825533062005,0.0,337059,2450.1909315935463,234246.35761625002
16061.07908649701,1200,9.728562247748945,0.0,587876,2556.263285313061,276521.841795
16064.141129026182,1850,10.666519718575696,0.0,966699,3062.04252917325,395398.85496125
16070.678195829296,2850,8.129452915462076,0.0,1358801,6537.066803113619,282533.05785125
16073.386728353322,1200,9.420920391437022,0.0,639204,2708.532524025052,329522.64808375
16076.750579638436,1850,10.057069106322489,0.0,923755,3363.851285114533,148809.8207325
16079.735834969799,1850,11.07181377496087,0.0,891604,2985.255331361621,397679.75830875
16087.297884263871,2850,7.5097644808877915,0.0,1468126,7562.049294073077,183091.97324375002
16091.688460146499,1200,7.119188598259766,0.0,656471,4390.575882628025,106800.0
16094.340112662472,750,8.46753608228839,0.0,343800,2651.652515971376,153603.555555
16099.615049641088,1200,7.192599103671684,0.0,587236,5274.936978616706,224233.59579999998
16102.061265892637,750,8.746382852122897,0.0,379700,2446.2162515487867,108042.48768475
16109.72500521929,1200,5.082643525468837,0.0,696376,7663.739326654059,34971.167230125
16113.150768956255,300,5.656879788503729,0.0,111155,3425.763736965108,34971.167230125
16117.492761587027,750,5.3148871577320325,0.0,400396,4341.992630771697,180582.463465
16118.441465161943,300,8.366183582817339,0.0,149029,948.7035749146926,180582.463465
16121.018470185574,1200,9.789178559184318,0.0,570392,2577.0050236330203,285281.46853125
16124.44355122689,1850,10.364097517868311,0.0,954453,3425.0810413160066,412914.081145
16130.68998575202,1850,8.117662992738689,0.0,885062,6246.434525129622,84614.884393125
16134.703603936992,1200,8.104044807766508,0.0,670129,4013.6181849721806,373108.433735
16136.421165358988,1200,10.386483385771317,0.0,690253,1717.5614219951924,481834.88372125
16138.873773133753,1850,11.933875611006187,0.0,943942,2452.60777476513,389718.00947875
16141.766304538527,2850,13.041344206231155,0.0,1139291,2892.531404775031,391606.62525875
16149.07518419285,4300,9.73246455190708,0.0,2147467,7308.879654324074,127810.42128625
16160.325472580957,1850,4.0,1.517823836198375,908665,11250.288388105455,132943.6090225
16161.492203922902,300,6.8332686580525355,0.0,149991,1166.7313419474647,115855.758266875
16164.753286661356,750,7.572185919598376,0.0,345516,3261.082738454159,112224.059293
16178.56117616793,1200,4.0,6.235703586975029,641452,13807.889506573405,72606.722689125
16180.339762978354,300,6.2214131895745615,0.0,145210,1778.5868104254384,129300.91743125
16183.41062613973,750,7.150550028199083,0.0,438281,3070.863161375479,171724.623115
16185.516828527727,750,9.044347640203313,0.0,398987,2106.2023879957696,230263.77952749998
16189.13325640036,1850,9.427919767570222,0.0,982064,3616.42787263309,337767.48582249996
16192.440032397704,1850,10.121143770224965,0.0,830730,3306.7759973452567,340670.1461375
16195.838867381151,1850,10.722308786777292,0.0,846370,3398.8349834476726,189664.8291075

