17935.163248528082,750,4.0,4.010168074006698,450283,4010.168074006698,149708.11997125
17936.337166620728,300,6.8260819073535774,0.0,155580,1173.9180926464226,149708.11997125
17938.770515845714,750,8.392732682369962,0.0,350812,2433.3492249836154,153756.32489999998
17942.151095550988,1200,9.012152977095385,0.0,617681,3380.5797052745784,200375.12953375
17947.209933326707,1850,7.953315201376773,0.0,996749,5058.837775718611,208659.01639375
17949.944482829957,1200,9.218765698123528,0.0,520315,2734.549503253245,212021.8790225
17954.132621971152,1850,9.030626556930105,0.0,905515,4188.139141193424,308425.0
17958.878321952412,1850,8.284926575667939,0.0,1060487,4745.699981262167,139376.54321
17962.732078246318,1200,8.431170281765223,0.0,584846,3853.7562939027166,184946.34146375
17965.87640433268,1200,9.286844195399613,0.0,560821,3144.3260863656087,220445.25547499998
17970.392903655164,1850,8.770344872917034,0.0,939819,4516.49932248258,217051.76470625002
17973.022767472787,1200,10.140481055294458,0.0,594078,2629.863817622575,286900.48939625
17977.399995299285,1850,9.763253228791866,0.0,946851,4377.2278265025925,233113.36032374998
17982.154975178786,1850,9.008273349294535,0.0,1036454,4754.97987949733,214387.8562575
17986.165276383796,1850,8.99797214428409,0.0,821631,4010.301205010446,196416.90544375
17990.916383781983,1850,8.246864746095998,0.0,923170,4751.10739818809,191502.3474175
17994.2330641442,1200,8.930184383880972,0.0,617242,3316.6803622150246,237822.12581375
17999.852374341437,1850,7.310874186643063,0.0,885714,5619.31019723791,138406.88259125
18003.488832269126,1200,7.674416258954819,0.0,639204,3636.4579276882428,264155.737705
18006.922857257414,1200,8.240391270665867,0.0,586839,3434.024988288954,191568.07051875
18010.786214978896,1200,8.377033549183054,0.0,601738,3863.3577214828133,184186.50793624998
18014.374541703313,1200,8.78870682476594,0.0,616206,3588.326724417113,195299.70326375
18017.997349478137,1200,9.16589904994189,0.0,656471,3622.8077748240503,191959.91561125
18024.066183973082,1850,7.097064554996616,0.0,874175,6068.834494945274,131528.15534
18027.022866121297,750,8.140382406781457,0.0,359903,2956.682148215159,82368.17950025
18032.640453986558,1200,6.522794541519488,0.0,590335,5617.5878652619695,154876.92307750002
18035.83451899652,750,7.328729531558777,0.0,425781,3194.065009960712,111604.180274375
18041.81469462839,1200,5.348553899690354,0.0,487160,5980.175631868422,45341.361513875
18045.460742675594,300,5.702505852484458,0.0,153605,3646.048047205896,45341.361513875
18051.067831373977,750,4.095417154099875,0.0,400508,5607.088698384583,105374.47573399999
18052.71898428633,300,6.444264241746139,0.0,157421,1651.152912353736,114611.289288
18056.360112243798,750,6.803136284277846,0.0,400322,3641.127957468293,131858.2317075
18059.697760535273,750,7.465487992801464,0.0,369834,3337.648291476383,82060.332541625
18066.713623789998,1200,4.449624738080321,0.0,670129,7015.863254721142,132805.982215
18068.232202852334,300,6.9310456757402985,0.0,179328,1518.5790623400237,120046.057222625
18071.819321891173,750,7.343926636901783,0.0,365161,3587.1190388385157,102129.4783155
18076.641314464716,1200,6.521934063362942,0.0,487812,4821.99257353884,115592.15686275
18080.502801003036,750,6.660447525042517,0.0,361565,3861.4865383204265,99369.53754775
18084.81840609108,750,6.344842436999998,0.0,378327,4315.605088042519,78104.616687875
18089.494676009814,750,5.66857251826522,0.0,390680,4676.269918734777,152907.01106999998
18092.004985681495,750,7.158262846584481,0.0,345516,2510.30967168074,122703.97313937501
18095.43484385626,750,7.728404671820164,0.0,384505,3429.8581747643166,83599.264705875
18102.561984436237,1200,4.6012640918432135,0.0,599477,7127.140579976951,120057.94556625001
18104.04457329925,300,7.11867522883175,0.0,172312,1482.588863011464,138842.10526374998
18107.959492207327,750,7.203756320752218,0.0,398987,3914.9189080795313,94093.430656875
18116.334947055177,1200,4.0,1.1716985270963196,638661,8375.454847848538,142310.84337375
18117.4472714001,300,6.887675655077622,0.0,137507,1112.324344922378,113106.04265399999
18120.256316502782,750,8.078630552392227,0.0,314107,2809.0451026853952,134574.65277749998

