8326.630046275275,750,4.0,2.3226168467032533,450283,2322.6168467032535,176119.6213425
8327.645893564522,300,6.984152710752376,0.0,155580,1015.8472892476235,139137.90186125
8330.226886919034,750,8.403159356240078,0.0,350812,2580.9933545122985,156889.9456525
8334.294209297046,1200,8.33583697822731,0.0,617681,4067.322378012768,125153.39805875
8340.26498545958,1200,6.365060815693585,0.0,652874,5970.776162533724,118755.91985425001
8344.812869317646,750,5.81717695762835,0.0,318564,4547.8838580652355,67559.44798299999
8352.554839483922,750,4.0,1.9247932086476103,352642,7741.97016627596,115603.985056
8354.213922735471,300,6.340916748451487,0.0,173849,1659.0832515485138,116260.4093155
8357.264333572839,750,7.290505911084004,0.0,374758,3050.4108373674826,145289.1832225
8362.07385497311,1200,6.4809845108122985,0.0,560821,4809.521400271706,95326.34887375
8366.796474127512,750,5.758365356410805,0.0,353220,4722.619154401493,97030.584380125
8370.880588297245,750,5.674251186677333,0.0,405134,4084.114169733473,104774.162679375
8373.872337852981,750,6.6825016309401555,0.0,386351,2991.7495557371776,160293.97394125
8377.021982398026,750,7.532857085896029,0.0,434409,3149.644545044126,142929.5223175
8381.223782003963,1200,7.331057479958031,0.0,526950,4201.799605937998,128593.06569375
8385.103486045035,1200,7.451353438887744,0.0,587876,3879.7040410702866,180701.33882625
8389.268291034603,1200,7.286548449317453,0.0,617242,4164.804989570291,150386.29737625
8394.40456863414,1200,6.150270849781873,0.0,581493,5136.2775995355805,146470.04219375
8398.324516603474,750,6.230322880447586,0.0,405596,3919.947969334287,119458.506224125
8402.022318997377,750,6.532520486544383,0.0,350713,3697.802393903203,79079.13043475
8407.333531134514,750,5.221308349407879,0.0,386472,5311.212137136504,88465.805061875
8409.200139505623,300,7.354699978298502,0.0,157812,1866.6083711093768,110698.84169887501
8415.297882029961,1200,5.256957453959212,0.0,656471,6097.74252433929,110746.98133925
8416.912661315011,300,7.642178168910478,0.0,137654,1614.7792850487342,91968.79875199999
8423.420001476652,1200,5.134838007268496,0.0,587236,6507.340161641982,113782.32189975001
8424.656017345218,300,7.898822138703467,0.0,153938,1236.0158685650288,184959.87963875
8428.486119293615,1200,8.0687201903071,0.0,696376,3830.101948396367,188353.63636375
8431.49548357034,1200,9.059355913583818,0.0,487160,3009.3642767232823,169272.95285375
8438.574763066237,1850,5.98007641768488,0.0,972798,7079.279495898939,94348.270823125
8442.651557784484,750,5.903281699438034,0.0,400508,4076.794718246845,136963.07023875002
8445.465895979669,750,7.088943504253067,0.0,358218,2814.338195184967,136110.64718124998
8448.927168456396,750,7.627671027525903,0.0,400322,3461.2724767271648,117274.570024625
8453.560025234805,1200,6.994814249115907,0.0,584349,4632.856778409996,132723.37278125
8456.68011333497,750,7.8747261489505505,0.0,412837,3120.088100165356,148376.40029875
8460.977223305203,1200,7.577616178718361,0.0,690253,4297.10997023219,159926.69322749999
8465.182656089282,1200,7.372183394638935,0.0,598727,4205.432784079427,229357.78780999998
8468.129861883071,1200,8.4249776008489,0.0,487812,2947.205793790035,156667.3132875
8472.020790625618,1200,8.53404885830292,0.0,575591,3890.928742545979,158535.77981625
8475.366174355793,1200,9.18866512812735,0.0,605884,3345.3837301755693,207610.9175375
8480.649014773087,1850,7.905824710833608,0.0,930577,5282.8404172937435,153177.43132875
8483.715425780603,1200,8.839413703316712,0.0,566904,3066.411007516896,242294.1176475
8489.636635106248,1850,6.918204377671375,0.0,1025005,5921.209325645336,164735.39823
8492.872792216365,750,7.6820472675547835,0.0,372093,3236.157110116592,135667.19242875
8500.434928620964,1200,4.119910862956606,0.0,634861,7562.136404598178,99190.128996125
8502.191627827642,300,6.3632116562786765,0.0,167025,1756.6992066779285,143559.16230375
8504.891387678572,750,7.663451805349261,0.0,393804,2699.759850929416,170213.66279125
8507.417332788276,1200,9.137506695644039,0.0,538612,2525.9451097052224,228931.21693124998
8515.762873744512,1850,4.79196573940772,0.0,846370,8345.540956236318,182235.97506625

