6008.341806437203,750,4.0,2.7720774829579558,450283,2772.077482957956,163198.56459375002
6009.425830161829,300,6.915976275372986,0.0,155580,1084.0237246270135,162190.33530625
6011.507490498578,750,8.834315938625275,0.0,350812,2081.660336747711,212458.14167374998
6014.985585746243,1850,9.356220690959466,0.0,933276,3478.09524766581,369425.78125
6018.891933144949,1850,9.449873292253338,0.0,996749,3906.3473987061275,389522.61306500004
6021.754142023906,1850,10.587664413295588,0.0,801058,2862.2088789577506,301908.25688125
6029.380516324942,2850,6.961290112259933,0.0,1388403,7626.374301035655,227627.8586275
6033.139218565289,750,7.202587871911875,0.0,437162,3758.7022403480582,175952.06971625
6038.264034285559,1200,6.0777721516426695,0.0,584846,5124.815720269206,99426.927502875
6040.502345893725,750,7.839460543476905,0.0,362795,2238.311608165764,198968.71378875
6045.477176324111,1200,6.864630113091383,0.0,607410,4974.830430385522,100723.88059700001
6052.262232483668,750,4.079573953533456,0.0,405134,6785.0561595579275,51147.7441745
6055.650419746282,300,4.691386690920368,0.0,160746,3388.187262613088,51147.7441745
6057.158327505505,300,7.183478931696195,0.0,179801,1507.9077592241727,144987.63396500002
6059.181599497351,750,9.16020693985102,0.0,337059,2023.2719918451728,189690.7103825
6063.194715900788,1850,9.14709053641418,0.0,923170,4013.116403436841,251565.69847874998
6065.989845918251,1850,10.35196051895071,0.0,966699,2795.1300174634707,359486.72566375
6074.40536011973,1850,5.936446317471852,0.0,885714,8415.514201478858,322608.8154275
6075.66328994047,750,8.678516496732003,0.0,405596,1257.9298207398476,367340.63745
6077.342006896372,1200,10.999799540830212,0.0,586839,1678.7169559017914,399208.092485
6081.175731761237,2850,11.166074675964104,0.0,1415116,3833.7248648661075,536258.8235299999
6085.232894187922,2850,11.10891224927906,0.0,1468126,4057.162426685044,346048.828125
6094.751007202291,2850,5.590799234910546,0.0,1505760,9518.113014368513,53678.02755625
6097.265016591912,300,7.076789845289394,0.0,137654,2514.009389621152,76461.34453787499
6101.037824583716,750,7.303981853484427,0.0,359903,3772.807991804967,143624.09054124999
6106.792152369572,1200,5.549654067629567,0.0,590335,5754.32778585486,88008.228670375
6110.560266493319,300,5.781539943882334,0.0,181901,3768.114123747234,41475.1369575
6118.6743133558875,750,4.0,2.332506918685687,277716,8114.0468625680205,92248.17518250001
6120.413237449249,300,6.261075906637655,0.0,153605,1738.9240933623448,125100.06854
6123.315541746096,750,7.35877160979078,0.0,400508,2902.304296846875,172295.84352125
6126.292927509023,1200,8.381385846864028,0.0,570392,2977.385762926751,243864.93860875
6128.646879517849,1200,10.027433838038174,0.0,620283,2353.952008825854,336344.22658
6132.027685684743,1850,10.646627671143564,0.0,885062,3380.80616689461,290265.10067125
6139.437465214823,2850,7.236848141064057,0.0,1587293,7409.779530079507,203064.55399000001
6142.245976603917,1200,8.428336751968846,0.0,690253,2808.511389095211,196981.32183875
6144.647742093843,1200,10.02657126204418,0.0,598727,2401.7654899246645,291375.0
6147.7852357724805,1850,10.88907758340598,0.0,728962,3137.4936786382,263241.39433499996
6154.117012766726,2850,8.557300589160803,0.0,1499009,6331.776994245178,224433.43051500001
6157.2152239333045,1200,9.459089422581108,0.0,605884,3098.2111665796942,262106.9012175
6160.98062626569,1850,9.6936870901951,0.0,930577,3765.4023323860065,302866.66666625
6163.753414218121,1850,10.92089913776436,0.0,858450,2772.787952430741,304512.0147875
6168.762603014469,2850,9.911710341416436,0.0,1527299,5009.188796347924,284260.8
6172.793672209064,1850,9.880641146820977,0.0,886255,4031.069194595458,267423.84106
6177.018727978248,1850,9.655585377637792,0.0,973972,4225.0557691831855,186034.66955625
6182.01382206812,1850,8.660491287764799,0.0,958994,4995.094089872992,256948.94147000002
6184.433486889496,1200,10.24082646639009,0.0,638661,2419.6648213747085,305575.704225
6187.60996842437,1850,11.064344931515757,0.0,830730,3176.481534874332,302187.0370375
6191.831519797661,2850,10.842793558225242,0.0,1364537,4221.551373290514,310910.63174125

