17355.421599578236,750,4.0,5.105653885378062,450283,5105.653885378062,38381.6579145
17359.577301317895,300,4.0,0.15570173966025685,155580,4155.701739660257,61943.87947275
17362.033934747862,300,5.543366570032065,0.0,139857,2456.6334299679343,61943.87947275
17363.320363883355,300,8.256937434542367,0.0,155432,1286.4291354896984,148707.01867375
17366.161838627017,1200,9.415462690878286,0.0,652874,2841.4747436640814,249821.70542625
17369.75682953352,1850,9.82047178438064,0.0,801058,3594.9909064976478,194273.02631625
17373.371364810348,1850,10.205936507549064,0.0,905515,3614.5352768315743,362509.09090875
17377.3297033753,1850,10.247597942595748,0.0,1060487,3958.3385649533157,346048.27586249996
17380.068059750978,1850,11.509241566918382,0.0,852833,2738.356375677368,327759.67741875
17384.623407430372,2850,10.953893887522188,0.0,1429765,4555.347679396193,330847.7842
17389.025556757024,2850,10.55174456086841,0.0,1354548,4402.149326653779,338863.19845875003
17396.02911106788,2850,7.548190250013166,0.0,1519951,7003.554310855245,181433.72319750002
17398.559054931215,1200,9.018246386676921,0.0,624282,2529.943863336244,299326.98962
17402.13410750165,1850,9.443193816245305,0.0,1036454,3575.052570431618,298742.34693875
17404.96466549577,1850,10.612635822124474,0.0,821631,2830.557994120831,290587.65778375004
17411.384057969488,2850,8.193243348402811,0.0,1471065,6419.392473721663,98520.172910625
17417.14839909158,1200,6.42890222631068,0.0,617242,5764.341122092132,118735.718769625
17420.15303349963,750,7.424267818257379,0.0,372963,3004.634408053301,161511.97357499998
17424.84633784226,1200,6.730963475628215,0.0,639204,4693.304342629164,113992.64705887501
17427.773984070853,750,7.803317247036986,0.0,350713,2927.646228591228,153533.08480875
17433.386015058084,1200,6.191286259804777,0.0,601738,5612.03098723221,96311.61236425
17439.365653141656,750,4.211648176236658,0.0,399894,5979.638083568118,51060.044893375
17441.258725318425,300,6.318575999467032,0.0,163927,1893.0721767696268,127758.11584999999
17444.521821769118,750,7.055479548774886,0.0,343800,3263.0964506921455,106515.060241
17448.196662058126,750,7.3806392597672605,0.0,359903,3674.8402890076263,106672.44094487501
17453.591747766364,1200,5.985553551528537,0.0,590335,5395.085708238723,87080.629771
17457.820658581368,750,5.7566427365228705,0.0,425781,4228.910815005667,152971.78002875
17459.79167579408,750,7.785625523810737,0.0,277716,1971.0172127121334,155816.696915
17465.961894408614,1200,5.6154069092755385,0.0,622896,6170.218614535198,130200.42343
17469.060396661745,750,6.516904656140704,0.0,400508,3098.502253134835,151157.5091575
17471.862987712182,750,7.714313605707001,0.0,358218,2802.591050433703,134750.37707375002
17477.16626902011,1200,6.411032297781045,0.0,620283,5303.281307925956,155560.75533625
17479.375960940335,750,8.201340377551835,0.0,369834,2209.691920229211,175652.31431625
17486.02517632854,1200,5.552124989345385,0.0,670129,6649.2153882064495,118556.85733975
17488.075675635595,300,7.501625682291585,0.0,179328,2050.4993070538003,90867.12184875
17495.822823458402,1200,4.0,0.2455221405179509,598727,7747.147822809536,107782.232704375
17497.16714488032,300,6.655678578083473,0.0,131610,1344.3214219165277,120284.810126625
17499.501399869634,750,8.32142358876798,0.0,361565,2334.2549893154937,181381.70346999998
17503.784885172605,1200,8.03793828579655,0.0,605884,4283.4853029714295,150245.83031125
17509.540323110068,1200,6.282500348334587,0.0,587506,5755.437937461963,111840.0
17512.39064004335,750,7.432183415050014,0.0,345516,2850.316933284572,161394.50441625
17516.539900942127,1200,7.282922516274228,0.0,641452,4149.260898775787,161510.20408125
17524.39741011222,1200,4.0,0.5745866538152159,599477,7857.509170089444,52441.367521375
17527.614713084873,300,4.782697027346115,0.0,172312,3217.3029726538844,86929.333333375
17529.675866481448,300,6.721543630768157,0.0,167025,2061.1533965779586,114603.492884875
17533.70822057486,750,6.689189537358905,0.0,393804,4032.354093409252,114582.4094605
17536.620888090747,750,7.776522021470131,0.0,331053,2912.667515888774,159632.7519375
17542.893763276188,1200,5.503646836027947,0.0,550906,6272.875185442184,59483.832335375

