11357.738098621998,750,4.0,4.838144007766586,450283,4838.144007766587,108395.656779625
11359.328937948205,300,6.409160673793575,0.0,155580,1590.8393262064255,108395.656779625
11362.124043908838,750,7.614054713159464,0.0,350812,2795.1059606341105,140732.480195
11366.966737122642,1200,6.7713614993561855,0.0,617681,4842.693213803279,143337.28687875
11370.132505157524,750,7.60559346447325,0.0,411561,3165.768034882935,105423.367697625
11374.280371139592,1200,7.457727482407325,0.0,520315,4147.865982065925,151646.5448775
11378.002087134064,1200,7.736011487936503,0.0,561791,3721.7159944708214,127114.96913625
11383.699784934373,1200,6.038313687625357,0.0,709534,5697.697800311145,173621.98795125
11385.785693580994,750,7.952405041004877,0.0,374758,2085.90864662048,215869.51364125
11388.64649974289,1200,9.091598879108908,0.0,560821,2860.806161895969,188101.06383
11392.664202262924,1850,9.073896359075988,0.0,939819,4017.702520032918,233402.81329875
11396.496716103613,1850,9.241382518386242,0.0,917428,3832.5138406897454,242019.83002875
11400.882123665177,1850,8.855974956823928,0.0,946851,4385.407561562314,221860.21505375
11405.66626444648,1850,8.071834175520879,0.0,1036454,4784.140781303049,333469.11196875
11407.532658916509,1200,10.20543970549279,0.0,526950,1866.3944700280883,299640.8566725
11410.910493124711,1850,10.82760549729184,0.0,923170,3377.8342082009517,326281.1244975
11417.185989035082,2850,8.552109586919293,0.0,1491626,6275.495910372544,211347.15025875
11422.993016764203,1200,6.745081857799584,0.0,581493,5807.02772911971,69083.80592312501
11426.386268736373,750,7.351829885630351,0.0,405596,3393.2519721692333,259402.20820249998
11428.966260457417,1200,8.771838164585589,0.0,586839,2579.991721044762,242917.60904625
11434.220539499192,1200,7.517559122811854,0.0,601738,5254.279041773733,154153.21923375
11439.026330385139,1200,6.711768236864061,0.0,616206,4805.790885947794,152475.903615
11441.215396797374,750,8.522701824629515,0.0,401853,2189.066412234547,212668.95761749998
11444.038662914258,1200,9.69943570774568,0.0,536667,2823.2661168838335,225713.2075475
11448.952886512288,1850,8.785212109715097,0.0,897976,4914.223598030583,166424.5439475
11455.92930785605,1200,5.808790765953937,0.0,590335,6976.421343761161,40641.796585000004
11457.600251192478,750,8.137847429524095,0.0,425781,1670.9433364298422,483638.82063875004
11458.710323288085,1200,11.027775333916956,0.0,487160,1110.072095607139,517056.65722375
11461.833488890219,2850,11.904609731781969,0.0,1498470,3123.165602134986,508247.93388375
11464.822274356435,2850,12.915824265567938,0.0,1561263,2988.7854662140317,494707.57180125004
11468.919166299882,4300,12.81893232212006,0.0,2113193,4096.891943447877,576078.17589625
11474.738424622428,4300,10.999673999572941,0.0,2147852,5819.258322547119,338382.71605
11477.324829500727,2850,12.41326912127265,0.0,1358081,2586.4048783002922,568026.3929625
11481.73403800834,4300,12.004060613661087,0.0,2286761,4409.208507611563,578845.16129
11488.06412658789,4300,9.673972034110601,0.0,2307787,6330.0885795504855,277056.60377375
11492.336711708405,1850,9.401386913594116,0.0,943942,4272.585120516486,253633.67799124998
11495.291133455199,1850,10.446965166801949,0.0,728962,2954.421746792168,233241.4664975
11502.024068304885,2850,7.7140303171158555,0.0,1499009,6732.934849686093,237929.75206625
11504.596483045949,1200,9.141615576052574,0.0,605884,2572.414741063281,221608.33333375
11509.375368845589,1850,8.36272977641114,0.0,930577,4778.885799641436,160016.65344999998
11512.638150360457,1200,9.09994826154311,0.0,566904,3262.7815148680293,215468.26127
11517.577871716489,1850,8.160226905513062,0.0,1025005,4939.721356030049,281889.79591875
11520.244479787603,1200,9.49361883439733,0.0,599477,2666.608071115732,236698.41269875
11524.805121055839,1850,8.932977566161455,0.0,973972,4560.641268235875,221452.13549375001
11530.768976349558,1850,6.969122272442193,0.0,958994,5963.855293719262,166036.50254625
11532.612005418556,750,9.126093203445041,0.0,393804,1843.0290689971507,231421.81818124998
11536.674236203176,1850,9.063862418823685,0.0,830730,4062.2307846213566,178847.8260875
11541.851420940908,1850,7.886677681092889,0.0,846370,5177.184737730795,156192.99610875

