12913.65466812946,750,4.0,4.782926972877741,450283,4782.926972877741,98342.623738625
12915.399952365602,300,6.254715763859471,0.0,155580,1745.2842361405292,98342.623738625
12920.042513334462,750,5.612154794999303,0.0,350812,4642.560968860168,93955.24816925
12923.387676090875,750,6.266992038586417,0.0,382355,3345.1627564128853,148289.94082875
12926.98819757685,750,6.666470552613315,0.0,411561,3600.5214859731022,138365.7644475
12929.920799304518,750,7.733868824943435,0.0,318564,2932.601727669881,97950.83014050001
12935.14398804466,1200,6.510680084801137,0.0,561791,5223.188740142298,86901.68411475
12942.794746654501,750,4.0,1.1400785250401395,437162,7650.758609841276,92447.250280625
12944.355166878233,300,6.439579776268982,0.0,150710,1560.4202237310178,137503.44827624998
12947.026725554137,750,7.76802110036443,0.0,362795,2671.558675904552,143968.1159425
12951.50864240856,1200,7.286104245939601,0.0,607410,4481.916854424829,154628.65947625
12955.863313743814,1200,6.931432910687545,0.0,594078,4354.671335252056,122061.31549612501
12958.918658125056,750,7.876088529445104,0.0,386351,3055.3443812424416,146677.3472425
12966.17593834966,1200,4.618808304843116,0.0,687371,7257.280224601988,47656.922228375
12968.17528348019,300,6.619463174311348,0.0,140051,1999.3451305317674,112450.531914875
12971.184569181256,750,7.610177473245302,0.0,366214,3009.285701066047,158355.88507875
12976.499741670148,1200,6.29500498435354,0.0,617242,5315.1724888917615,105304.7945205
12979.495749721953,750,7.298996932548185,0.0,372963,2996.008051805355,140169.83695625
12989.600033592082,1200,4.0,2.8052869375815135,639204,10104.283870129699,51780.305297875
12992.415663093738,300,5.184370498344769,0.0,140881,2815.62950165523,57538.111144874994
12995.173867871903,300,6.4261657201806575,0.0,157671,2758.2047781641127,85008.36614175
12998.987540587344,750,6.612493004737835,0.0,399894,3813.6727154428227,154793.19148875002
13002.21502547566,750,7.385008116421932,0.0,401853,3227.4848883159025,118358.06916425
13007.11814672558,1200,6.481886866501285,0.0,536667,4903.121249920647,130617.36334374998
13011.129524262053,750,6.470509330029687,0.0,359903,4011.377536471599,74875.5292125
13016.563780956536,750,5.0362526355444714,0.0,379700,5434.256694485215,71319.732034125
13019.576142802714,300,6.023890789366436,0.0,181901,3012.3618461780356,60102.439024375
13025.715941864439,750,4.0,0.11590827235726466,277716,6139.799061723701,37355.850422250005
13030.36440321289,300,4.0,0.6484613484512319,153605,4648.461348451232,28949.60965225
13033.72353665789,300,4.6408665550005885,0.0,149029,3359.133444999411,52666.243009624995
13036.949884419191,300,5.414518793699481,0.0,157421,3226.3477613011073,52666.243009624995
13040.891722055198,300,5.472681157694217,0.0,157488,3941.8376360052644,36454.19783875
13044.983069219408,300,5.381333993481607,0.0,143881,4091.3471642126106,61170.46490425
13047.52596873337,300,6.838434479521323,0.0,163444,2542.8995139602825,161015.73564124998
13050.087250199831,750,8.277153013060076,0.0,401088,2561.2814664612465,189141.68714124997
13053.688705036946,1200,8.67569817594434,0.0,598727,3601.4548371157366,198460.04098375
13056.004311201415,1200,10.3600920114739,0.0,487812,2315.60616447044,227612.5150425
13060.737770762731,1850,9.626632450159555,0.0,938587,4733.459561314345,201585.2334425
13066.099215227701,1850,8.265187985189552,0.0,908665,5361.4444649700035,159674.515235
13070.687393200405,1200,7.6770100124847405,0.0,587506,4588.1779727048115,119540.20250150001
13074.634650718477,1200,7.729752494412892,0.0,566904,3947.2575180718472,241630.20214
13077.71113519255,1200,8.65326802033838,0.0,641452,3076.484474074512,200868.87417249999
13080.812803328048,1200,9.551599884841423,0.0,599477,3101.6681354969587,150147.017045
13087.040286759895,1850,7.324116452995835,0.0,973972,6227.483431845587,172102.61194
13090.812931838045,1200,7.551471374845463,0.0,630203,3772.6450781503722,191715.66523625
13094.406059680327,1200,7.958343532564911,0.0,638661,3593.1278422805526,201781.68264125
13097.24961320385,1200,9.114790009040771,0.0,538612,2843.5535235241387,209300.345225
13101.88158814609,1850,8.482815066800327,0.0,846370,4631.974942240444,239657.81710875

