14835.552718533276,750,4.0,4.3779972098671385,450283,4377.997209867139,138558.56465749998
14836.810996297188,300,6.741722236087304,0.0,155580,1258.2777639126964,152561.22449000002
14839.35809212074,750,8.194626412537339,0.0,350812,2547.0958235499656,147190.56723999997
14844.135585552145,1200,7.417132981130759,0.0,617681,4777.493431406579,135787.92134875
14849.136784299259,1200,6.415934234017522,0.0,652874,5001.198747113238,139907.72532250002
14851.437297782617,750,8.11542075065856,0.0,318564,2300.513483358963,166309.23345
14855.027840923256,1200,8.524877610020173,0.0,561791,3590.5431406383846,175443.02449374998
14860.235407626009,1200,7.317310907266642,0.0,709534,5207.566702753532,156164.5569625
14865.049736501469,1200,6.502982031807052,0.0,584846,4814.32887545959,97670.698185875
14868.71429534623,750,6.838423187045895,0.0,362795,3664.5588447611567,115738.90063425
14871.819966319406,750,7.732752213869005,0.0,353220,3105.6709731768906,128570.215545
14877.294306682687,1200,6.258411850589022,0.0,594078,5474.340363279983,86229.540918125
14882.986656604116,750,4.5660619291587174,0.0,386351,5692.349921430305,97562.5
14885.005888892554,300,6.5468296407212545,0.0,179801,2019.232288437463,97917.47851
14888.207523672821,750,7.345194860453334,0.0,337059,3201.6347802679206,118634.888438125
14893.15261986049,1200,6.400098672785223,0.0,587876,4945.09618766811,112318.998366875
14896.493497071238,750,7.059221462036636,0.0,360831,3340.8772107485875,135877.56654
14899.51804287021,750,8.034675663064885,0.0,372963,3024.5457989717506,141685.503685
14904.928335636103,1200,6.62438289717214,0.0,639204,5410.292765892746,126989.10505874999
14907.977474880672,750,7.575243652602088,0.0,350713,3049.139244570051,122790.897097625
14912.53909984345,1200,7.0136186898260355,0.0,601738,4561.624962776053,158216.16358375002
14915.585605101027,750,7.967113432248439,0.0,399894,3046.5052575775967,109848.447205
14921.295965084044,1200,6.256753449231575,0.0,656471,5710.359983016864,98231.20728925
14924.900246636753,750,6.652471896524508,0.0,343800,3604.2815527070675,136924.0506325
14927.46470111332,750,8.088017419956474,0.0,359903,2564.4544765680353,157318.90660625
14931.596931643733,1200,7.9557868895433765,0.0,590335,4132.230530413097,136071.1436175
14937.709948484244,1200,5.8427700490329775,0.0,696376,6113.0168405104,103360.544217625
14940.423319481511,750,7.1293990517655335,0.0,277716,2713.3709972674433,105787.54778812501
14944.252709740034,750,7.3000087932401385,0.0,400396,3829.390258525396,106862.14689262501
14950.968969987793,1200,4.583748545481623,0.0,641447,6716.260247758515,104558.050383375
14952.631144527999,300,6.9215740052740165,0.0,157421,1662.1745402076072,108185.624563875
14956.488114627315,750,7.064603905959873,0.0,400322,3856.9700993141428,90916.666666625
14960.366590949387,750,7.186127583889019,0.0,369834,3878.4763220708546,102837.5
14964.337173428168,750,7.21554510510774,0.0,412837,3970.582478781279,131128.43224125
14970.507100319126,1200,5.0456182141499175,0.0,690253,6169.926890957822,119874.576271125
14971.991322394833,300,7.561396138444142,0.0,159914,1484.2220757057758,119874.576271125
14976.07252468663,1200,7.480193846649017,0.0,487812,4081.2022917951244,127570.31756375001
14981.712801690699,1200,5.839916842579172,0.0,575591,5640.277004069845,118602.608098875
14984.838554929089,750,6.7141636041900945,0.0,378327,3125.753238389077,107184.76903875
14988.99438200112,750,6.55833653215978,0.0,390680,4155.827072030314,84877.96771125
14993.827305132621,750,5.725413400657253,0.0,345516,4832.923131502527,54374.889478375
15000.35158567044,750,4.0,0.7988671371606961,384505,6524.280537817949,100796.287249625
15001.894707670892,300,6.456877999548365,0.0,145210,1543.1220004516344,112233.56732612499
15005.716721072651,750,6.634864597789396,0.0,438281,3822.0134017589703,135705.2384675
15009.146911527027,750,7.204674143413629,0.0,398987,3430.190454375766,118568.836045
15014.220492137198,1200,6.131093533242834,0.0,638661,5073.580610170796,132680.6842475
15017.101950260301,750,7.24963541013835,0.0,331053,2881.458123104484,122438.43416375
15022.184619378366,1200,6.166966292074253,0.0,550906,5082.669118064096,101194.08224675

