192.53889839102357,750,4.0,2.8275693741498356,450283,2827.5693741498358,215009.43396249998
193.37149878754641,300,7.167399603477153,0.0,155580,832.600396522847,224762.33183875
194.8926028339811,750,9.646295557042475,0.0,350812,1521.1040464346786,225363.63636375
206.56541155649296,1850,4.0,2.0265131654693778,933276,11672.808722511852,59570.358814375
209.57360552241738,300,4.991806034075594,0.0,163442,3008.193965924406,51918.95512387501
212.21405361226257,300,6.351357944230399,0.0,126289,2640.4480898451957,51918.95512387501
218.0809185467825,750,4.484493009710485,0.0,352642,5866.864934519914,55863.34350625001
224.09128378030235,300,4.0,1.5258722238093751,173849,6010.36523351986,30600.613915375
228.15276381876393,300,4.0,0.06148003846156689,150710,4061.480038461567,47507.412721125
231.31494210216184,300,4.837821716602078,0.0,139105,3162.1782833979223,47507.412721125
234.24956409785938,300,5.903199720904551,0.0,141840,2934.621995697526,54534.058656625
241.52377526337884,750,4.0,1.3710114446149209,405134,7274.211165519472,54688.828337875
244.84341397444456,300,4.680361288934264,0.0,160746,3319.6387110657365,43343.010490374996
249.21674177951982,300,4.307033483858985,0.0,179801,4373.327805075279,47289.38218775
252.39603297994867,300,5.127742283430135,0.0,140051,3179.29120042885,60558.07522125
254.86326267654965,300,6.660512586829178,0.0,138313,2467.2296966009576,62488.007380125
261.3629638153539,750,4.160811448024878,0.0,360831,6499.701138804299,59471.281296
264.10884143627885,300,5.414933827099964,0.0,150616,2745.8776209249145,59471.281296
268.4028204372341,300,5.120954826144704,0.0,165384,4293.97900095526,29429.377620125
273.5218597056783,300,4.001915557700457,0.0,140881,5119.039268444248,29429.377620125
275.74120792564804,300,5.78256733773075,0.0,157671,2219.348219969706,115279.51967975001
279.2337341096863,750,6.290041153692472,0.0,399894,3492.526184038279,119825.54082349999
282.88218070583497,750,6.641594557543738,0.0,401853,3648.4465961487326,136651.86915875
287.1249975127067,750,6.39877775067199,0.0,343800,4242.816806871748,63356.456044000006
291.3482984825854,750,6.17547678079334,0.0,359903,4223.30096987865,73979.921118625
295.85393536277013,750,5.669839900608657,0.0,379700,4505.636880184684,133821.89668499999
299.0285005978326,750,6.495274665546129,0.0,425781,3174.565235062528,160298.6463625
300.8483284446821,750,8.675446818696612,0.0,277716,1819.8278468495175,173779.67806874998
306.0110629184707,1200,7.512712344908025,0.0,622896,5162.734473788586,98548.890222
316.5392462237711,1200,4.0,3.0154709603923773,641447,10528.183305300403,66792.78384637501
319.1008543429315,300,5.4383918808396325,0.0,157421,2561.608119160367,61837.76223775
321.86168942017594,300,6.677556803595171,0.0,157488,2760.8350772444614,61837.76223775
326.43615832286196,750,6.103087900909165,0.0,369834,4574.468902686006,113751.33559974999
330.31817873160895,750,6.221067492162165,0.0,412837,3882.0204087470006,103019.553072625
332.58186505685256,750,7.957381166918555,0.0,401088,2263.6863252436096,288022.76707500004
336.2604371707022,1200,8.278809053068999,0.0,598727,3678.5721138495574,283597.3645675
338.5476645132109,1200,9.991581710560231,0.0,487812,2287.2273425087683,185437.2549025
354.2601050818695,1850,4.0,5.720858858098276,938587,15712.440568658507,51918.95512387501
356.4446117651509,300,5.815493316718548,0.0,144254,2184.506683281452,74772.45267825
366.37958087584605,750,4.0,4.119475793976555,390680,9934.969110695103,39505.402160875004
370.32290966397886,300,4.056671211867166,0.0,147968,3943.3287881328342,47507.412721125
373.9892087216399,300,4.390372154206136,0.0,161857,3666.29905766103,47507.412721125
376.85579781764693,300,5.523783058199109,0.0,145210,2866.589096007027,65506.19469025
379.80500034667773,300,6.57458052916832,0.0,172312,2949.2025290307893,56903.689806125
387.78918892050154,750,4.0,1.4096080446555288,398987,7984.188573823849,43343.010490374996
391.6500988877347,300,4.139090032766862,0.0,160064,3860.9099672331386,47289.38218775
394.70555575603566,300,5.0836331644658745,0.0,137507,3055.4568683009866,60558.07522125
396.83030037440574,300,6.958888546095793,0.0,118421,2124.7446183700813,62488.007380125

