15604.280759336805,750,4.0,5.558065529459364,450283,5558.065529459364,47150.516055
15607.088478468653,300,5.192280868151962,0.0,155580,2807.719131848038,112764.6484375
15608.47401080327,300,7.8067485335352504,0.0,139857,1385.5323346167118,112764.6484375
15616.023995370842,1200,4.256763965961504,0.0,617681,7549.984567573746,78955.49203762501
15618.649143207655,300,5.631616129150584,0.0,163442,2625.14783681092,57161.07585375
15623.629423320568,750,4.6513360162377575,0.0,318564,4980.280112912827,123479.16666662501
15624.995889066206,300,7.284870270598278,0.0,153295,1366.46574563948,170690.751445
15629.895949231584,1200,6.384810105220493,0.0,709534,4900.060165377785,152055.69205625
15632.701437986143,750,7.5793213506619,0.0,374758,2805.488754558593,148568.84875875
15636.678845878609,1200,7.601913458196836,0.0,560821,3977.407892465064,142350.0
15641.055023640663,1200,7.22573569614049,0.0,607410,4376.177762056345,122610.7660455
15645.416733553346,1200,6.864025783459003,0.0,594078,4361.709912681487,164170.97581375
15648.204550923483,750,8.076208413322078,0.0,386351,2787.817370136924,156507.7399375
15653.606353924157,1200,6.674405412648565,0.0,687371,5401.803000673513,129690.33232624999
15656.269880542546,750,8.010878794258376,0.0,337059,2663.5266183901886,128877.43330875001
15661.78649368174,1200,6.494265655065136,0.0,587876,5516.613139193241,123209.896249
15666.435617238385,750,5.845142098420215,0.0,360831,4649.12355664492,55867.217280875004
15670.696735532965,750,5.584023803841038,0.0,372963,4261.118294579177,113220.48271362501
15672.262297715222,300,8.018461621584153,0.0,165384,1565.5621822568846,120977.622377625
15676.396699069777,1200,7.884060267029324,0.0,586839,4134.40135455483,182121.65178625
15680.734273744072,1200,7.546485592733539,0.0,601738,4337.5746742957845,113398.813447625
15686.66022578252,1200,5.620533554287901,0.0,616206,5925.952038445638,119751.33531162501
15690.840337397987,750,5.44042193882045,0.0,401853,4180.111615467451,86826.47245087501
15692.370066833135,300,7.910692503673003,0.0,137654,1529.729435147447,106075.181159375
15697.958218490676,1200,6.322540846132838,0.0,587236,5588.151657540165,139810.3837475
15701.361496654521,750,6.919262682286431,0.0,379700,3403.2781638464076,107824.20132075
15705.598175033085,750,6.682584303723394,0.0,425781,4236.678378563036,107824.20132075
15708.135635903429,750,8.145123433378364,0.0,277716,2537.460870345029,125441.6475975
15714.353693125395,1200,5.927066211411607,0.0,622896,6218.057221966757,94454.805726
15719.464066465634,750,4.816692871172703,0.0,400508,5110.373340238905,60558.195731
15722.068898168094,300,6.211861168713382,0.0,157421,2604.8317024593207,69004.98753112499
15729.209626663216,750,4.0,0.9288673264083455,400322,7140.728495121727,68605.730866875
15731.080583949666,300,6.129042713549061,0.0,143881,1870.9572864509391,105350.9615385
15735.146520159431,750,6.063106503785594,0.0,412837,4065.9362097634666,100440.4761905
15739.653214993872,750,5.55641166934488,0.0,401088,4506.694834440715,111910.78963225
15741.237364208338,300,7.972262454877353,0.0,159914,1584.149214467527,111910.78963225
15746.726506153773,1200,6.4831205094428475,0.0,487812,5489.141945434505,132716.098865
15750.385282724854,750,6.824343938363085,0.0,361565,3658.7765710797626,65680.567879375
15755.314047503869,750,5.895579159347931,0.0,378327,4928.764779015154,88339.78873237499
15760.263163301886,750,4.9464633613299815,0.0,390680,4949.11579801795,95679.11255412501
15761.784890552806,300,7.424736110411971,0.0,147968,1521.7272509180104,121789.76640712499
15766.437795069589,1200,6.771831593629364,0.0,641452,4652.904516782607,111103.29670325
15770.744100857804,750,6.465525805414603,0.0,372093,4306.3057882147605,60739.543058
15775.655413051609,750,5.5542136116088665,0.0,438281,4911.312193805737,138811.6410675
15777.080931756134,300,8.128694907082068,0.0,167025,1425.5187045267994,127132.44047624999
15782.130987997378,1200,7.078638665839579,0.0,638661,5050.056241242489,149017.3745175
15784.277593974708,750,8.932032688508869,0.0,331053,2146.605977330709,184717.99462875
15789.651274699027,1850,7.558351964189189,0.0,846370,5373.68072431968,150494.8371725

