20833.659381805206,750,4.0,4.043612194844198,450283,4043.6121948441983,103883.756345125
20835.31584021232,300,6.343541592888147,0.0,155580,1656.458407111853,103883.756345125
20838.04616244965,750,7.613219355558489,0.0,350812,2730.322237329658,160711.20389749997
20842.373032174703,1200,7.286349630507747,0.0,617681,4326.869725050742,94461.162677125
20849.420948917686,1200,4.238432887523708,0.0,652874,7047.916742984039,87945.593525125
20851.154052917842,300,6.505328887368628,0.0,126289,1733.1040001550798,77811.594202875
20855.826405723954,750,5.832976081253746,0.0,352642,4672.352806114882,84901.423877375
20859.628990840967,750,6.030390964243011,0.0,437162,3802.5851170107344,178727.09163375
20861.95998093503,750,7.699400870181007,0.0,374758,2330.9900940620046,144702.11216375002
20866.14131009796,1200,7.518071707252548,0.0,560821,4181.3291629284595,151144.5182725
20872.367413049153,1200,5.291968756056095,0.0,607410,6226.1029511964525,127388.32853000001
20873.571394357834,300,8.087987447377573,0.0,156148,1203.9813086785216,172651.656755
20877.717325903846,1200,7.942055901363923,0.0,624282,4145.93154601365,130737.931035
20887.34310026323,1200,4.0,1.6837184580184403,687371,9625.774359382363,62782.449725750004
20889.589958264016,300,5.753141999214175,0.0,140051,2246.858000785826,115919.94572587499
20893.08265828872,750,6.260441974507115,0.0,366214,3492.7000247070587,93181.62506637501
20896.66323995176,750,6.679860311469449,0.0,360831,3580.5816630376667,135660.80843625
20899.46936925243,750,7.873731010797722,0.0,372963,2806.129300671727,94757.5431035
20908.567994724664,1200,4.0,1.224894461436771,639204,9098.625472234493,130860.81694375002
20910.263199229277,300,6.30479549538702,0.0,140881,1695.2045046129804,86675.66331199999
20916.49341355086,750,4.074581173808324,0.0,386472,6230.214321578695,47230.390738
20920.710793764338,300,4.0,0.14279903967367227,157812,4217.380213481997,39470.920138875
20923.222375103855,300,5.488418660484684,0.0,163927,2511.581339515316,90982.89345062501
20924.608561416462,300,8.102232347876733,0.0,137654,1386.1863126079513,130901.19521874998
20929.492077630086,1200,7.218716134252772,0.0,587236,4883.51621362396,103232.528589625
20935.51720155704,1200,5.1935922073009335,0.0,590335,6025.123926951839,117799.586776875
20938.327909755062,300,6.382884009279811,0.0,181901,2810.708198021123,68144.89380275
20943.48320425844,750,5.227589505902508,0.0,277716,5155.294503377302,189717.07818875
20944.4194086717,300,8.291385092640297,0.0,153605,936.2044132622109,177977.01149375
20947.12607671791,1200,9.584717046431512,0.0,641447,2706.6680462087847,291815.4929575
20950.690414063014,1850,10.020379701328489,0.0,873429,3564.3373451030234,221208.81226
20955.066564190816,1850,9.644229573525205,0.0,954453,4376.150127803285,302633.6
20958.201769043997,1850,10.509024720345668,0.0,885062,3135.2048531795376,318205.0
20963.404185713574,2850,9.306608050769983,0.0,1587293,5202.416669575685,302289.036545
20972.61856914321,1850,4.092224621134037,0.0,1026056,9214.383429635946,71704.657727625
20974.742212528676,300,5.968581235668929,0.0,159914,2123.6433854651077,84626.3972485
20978.34278724303,750,6.368006521315558,0.0,321064,3600.574714353371,130176.82403375
20980.220034092737,750,8.490759671606902,0.0,361565,1877.2468497086575,299487.0017325
20982.68391952472,1200,10.026874239627487,0.0,605884,2463.885431979415,272079.617835
20986.39539625418,1850,10.3153975101674,0.0,930577,3711.4767294600865,324929.13385875
20989.55173586288,1850,11.159057901467893,0.0,858450,3156.3396086995067,295723.0769225
20995.493937433384,2850,9.216856330960505,0.0,1527299,5942.201570507389,235709.80926374998
21001.257041168712,1850,7.453752595633883,0.0,886255,5763.103735326622,113092.22597775
21005.813603632152,1200,6.897190132193779,0.0,634861,4556.562463440105,248666.66666625
21008.146265141044,750,8.564528623303199,0.0,398987,2332.661508890581,169827.04918
21011.421440464164,1200,9.289353300183283,0.0,638661,3275.1753231199164,214518.867925
21016.211025476616,1850,8.499768287733344,0.0,830730,4789.5850124499375,253862.38532124998
21018.56562727291,1200,10.145166491437294,0.0,550906,2354.6017962960505,254228.49462375

