11168.319611526978,750,4.0,2.322935537655054,450283,2322.935537655054,164114.67522
11169.397501696358,300,6.922109830622425,0.0,155580,1077.8901693775754,164114.67522
11172.76149916974,750,7.558112357241059,0.0,350812,3363.9974733813656,127804.095185
11177.17043473357,1200,7.149176793407685,0.0,617681,4408.9355638333745,169467.1340925
11179.782858262943,750,8.536753264036374,0.0,411561,2612.4235293713114,174506.25711
11183.19808105914,1200,9.121530467840993,0.0,520315,3415.2227961953818,159235.19599625
11190.00932774261,1850,6.310283784369171,0.0,905515,6811.246683471822,129559.05511749999
11193.721078664534,750,6.598532862445241,0.0,437162,3711.7509219239296,128510.41666624999
11196.566228283062,750,7.753383243916802,0.0,374758,2845.149618528439,181636.19909500002
11200.080876521413,1200,8.238735005565202,0.0,560821,3514.6482383516004,153992.96765125002
11204.232903025722,1200,8.086708501257501,0.0,607410,4152.026504307701,166006.16649499998
11208.956886645006,1200,7.362724881973147,0.0,594078,4723.983619284355,180381.3993175
11214.724030818366,1200,5.595580708613121,0.0,624282,5767.144173360026,53727.983168000006
11217.484629469365,300,6.834982057613508,0.0,179801,2760.5986509996123,96090.36144575001
11221.021360435656,750,7.298251091322905,0.0,337059,3536.730966290603,202070.68062875
11224.136727737863,1200,8.182883789115639,0.0,587876,3115.367302207267,312375.87412625
11226.619577763315,1200,9.700033763663857,0.0,617242,2482.8500254517803,271840.74605500005
11234.456698546895,1850,5.862912980082884,0.0,885714,7837.120783580974,193727.59434
11237.368626263325,750,6.950985263651701,0.0,405596,2911.9277164311834,113897.959183625
11239.452176767443,750,8.867434759535517,0.0,350713,2083.550504116185,231135.16609375
11243.558996181626,1850,8.76061534535292,0.0,891604,4106.819414182597,238580.9128625
11245.984826797534,1200,10.334784729444864,0.0,616206,2425.8306159080544,262596.958175
11250.178414407013,1850,10.141197119966236,0.0,968026,4193.587609478626,258180.5337525
11253.807987214084,1850,10.511624312895226,0.0,874175,3629.5728070710093,268650.4854375
11259.530976403295,2850,8.788635123683978,0.0,1383735,5722.989189211248,258579.38718625
11262.10564333644,1200,10.213968190539589,0.0,590335,2574.6669331443904,273663.20166375005
11266.466548969946,1850,9.853062557034926,0.0,1076599,4360.905633504663,291250.8196725
11269.524312820216,1850,10.795298706763958,0.0,758197,3057.7638502709674,269645.20548
11275.515868708011,2850,8.803742818969408,0.0,1498470,5991.555887794552,278865.83463374997
11279.512805782226,1850,8.806805744755877,0.0,975811,3996.9370742135307,222620.253165
11283.218209285893,1850,9.101402241088948,0.0,873429,3705.403503666929,253306.1497325
11287.564560216922,1850,8.755051310059647,0.0,954453,4346.350931029302,220807.79569875
11290.519851480423,1200,9.799760046559904,0.0,584349,2955.2912634997433,194957.4879225
11298.73771521688,1850,5.581896310104048,0.0,1035329,8217.863736455856,129862.67605624998
11300.231855802285,300,8.087755724697924,0.0,179328,1494.140585406124,160872.7272725
11303.57246666368,1200,8.747144863302987,0.0,598727,3340.6108613949373,204530.10858875
11306.0973371583,1200,10.222274368682745,0.0,487812,2524.8704946202406,253222.64151000002
11310.6965796427,1850,9.623031884282769,0.0,938587,4599.242484399976,189856.06060625
11315.947897175167,1850,8.37171435181678,0.0,908665,5251.317532465991,262538.25503375
11318.588015128811,1200,9.731596398171295,0.0,587506,2640.117953645485,180687.64568750001
11323.624407386606,1850,8.695204140379106,0.0,858450,5036.392257792188,191402.697495
11327.223813936502,1200,9.095797590482771,0.0,641452,3599.406549896335,187799.79360124998
11332.999635972023,1850,7.3199755549618315,0.0,886255,5775.82203552094,161278.57142875
11336.719214585559,1200,7.600396941424809,0.0,634861,3719.5786135370217,200793.17931749998
11339.570564143853,1200,8.749047383130906,0.0,630203,2851.3495582939026,243215.29745
11342.245578845652,1200,10.074032681333085,0.0,638661,2675.014701797821,301998.27883
11345.768831680756,1850,10.550779846228204,0.0,830730,3523.252835104881,238875.66844875
11352.899954614231,2850,7.419656912752229,0.0,1364537,7131.1229334759755,170780.733945

