2166.2312035402742,750,4.0,2.009934342455404,450283,2009.9343424554038,218178.03837999998
2167.0618218072123,300,7.169381733062442,0.0,155580,830.6182669375579,218178.03837999998
2170.013290116983,750,8.217913423291721,0.0,350812,2951.468309770722,116226.47206849999
2176.5608372087063,1200,5.670366331568139,0.0,617681,6547.547091723582,128908.0
2179.2067228302635,750,7.024480710010908,0.0,411561,2645.8856215572305,243864.864865
2180.800302855576,750,9.4309006846982,0.0,318564,1593.580025312709,255298.27089375
2184.6314772782816,1850,9.599726261992705,0.0,905515,3831.174422705494,303390.4235725
2189.093559481032,1850,9.13764405924215,0.0,1060487,4462.082202750555,213338.80422000002
2192.692744414405,1850,9.538459125869307,0.0,852833,3599.1849333728446,260193.34186999997
2196.5458445968634,1850,9.685358943410844,0.0,913888,3853.1001824584628,303697.71529
2200.4159504412455,1850,9.815253099028519,0.0,939819,3870.1058443823235,228167.750325
2204.3212515438686,1850,9.909951996405022,0.0,917428,3905.301102623498,248510.431155
2208.0561927049157,1850,10.175010835358371,0.0,946851,3734.9411610466504,254774.33628375002
2212.221036976214,1850,10.010166564060135,0.0,1036454,4164.844271298237,273319.11532374995
2215.463248970855,1850,10.767954569418876,0.0,821631,3242.211994641259,309478.555305
2221.3959621061013,2850,8.835241434172774,0.0,1471065,5932.713135246102,283045.0819675
2225.4715868940148,1850,8.759616646258984,0.0,966699,4075.624787913792,232804.43548374998
2228.365835290441,1200,9.865368249833242,0.0,581493,2894.2483964257412,208276.34408625
2234.049733355343,1850,8.181470184931028,0.0,987708,5683.898064902214,177602.79069750002
2239.7876906955225,1200,6.443512844751385,0.0,586839,5737.957340179642,161987.21730624998
2243.307172283844,750,6.924031256429499,0.0,386472,3519.481588321886,90968.90117487499
2245.5350067241825,750,8.696196816090902,0.0,399894,2227.8344403385972,252204.42930124997
2248.7402427436346,1200,9.490960796638648,0.0,656471,3205.236019452254,206825.3783475
2253.488989567079,1850,8.742213973194197,0.0,874175,4748.746823444452,172568.37606875
2256.549474976638,1200,9.681728563635607,0.0,587236,3060.4854095585906,257916.41790999996
2261.444813434822,1850,8.786390105451545,0.0,905935,4895.338458184061,193879.55801125002
2265.380125398452,1200,8.851078141821583,0.0,696376,3935.3119636299616,193051.5916575
2269.952928384366,1850,8.27827515590757,0.0,758197,4572.802985914014,157631.4475875
2274.1271708294844,1200,8.104032710789495,0.0,622896,4174.242445118074,173717.2874875
2277.587119773037,1200,8.644083767236635,0.0,641447,3459.9489435528603,239959.77808624998
2280.0773528874247,1200,10.15385065284939,0.0,570392,2490.2331143872457,240293.47826125
2284.0788778236397,1850,10.15232571663455,0.0,954453,4001.5249362148406,258632.53857
2288.1262482225043,1850,10.104955317769932,0.0,885062,4047.3703988646193,182726.66666625
2294.3307338939076,1850,7.900469646366406,0.0,1035329,6204.485671403525,95652.67175575
2298.5880589423646,1200,7.643144597909684,0.0,690253,4257.325048456722,147885.84831875
2301.8146930294984,1200,8.416510510776073,0.0,598727,3226.6340871336115,214039.23766875
2304.4232822611384,1200,9.807921279135781,0.0,487812,2608.5892316402887,190420.51282
2310.6260397038195,1850,7.605163836454712,0.0,938587,6202.757442681071,125780.79864
2316.923423761288,1200,5.307779778985862,0.0,605884,6297.38405746885,83922.059518125
2319.365490209722,300,6.865713330551947,0.0,149991,2442.0664484339145,62280.732652375
2322.8464174848586,750,7.384786055415349,0.0,345516,3480.9272751365984,161792.1974525
2326.3433582761427,1200,7.887845264130952,0.0,641452,3496.9407912843963,202127.3532675
2329.7888881247754,1200,8.44231541549807,0.0,599477,3445.5298486328816,175035.67788
2334.802534301989,1200,7.428669238284947,0.0,634861,5013.646177213124,151651.68539375003
2338.8574476781114,1200,7.373755862162423,0.0,630203,4054.9133761225244,180194.67213125
2343.701719361473,1200,6.52948417880118,0.0,638661,4844.271683361243,104593.712212875
2347.6767096593867,750,6.554493880887063,0.0,331053,3974.9902979141166,76635.75865125
2350.4792613713034,750,7.751942168970782,0.0,314107,2802.5517119162814,134627.68319749998

