6945.355083113304,750,4.0,2.5585548523374078,450283,2558.5548523374077,192341.16541375
6946.286530699683,300,7.068552413622195,0.0,155580,931.447586377805,192341.16541375
6948.870022328675,750,8.485060784629507,0.0,350812,2583.4916289926896,161724.08963625002
6953.1004715383315,1200,8.254611574972863,0.0,617681,4230.449209656642,184329.83794124998
6956.425592146162,1200,8.929490967141952,0.0,652874,3325.1206078309124,171120.73490875
6961.397731890579,1850,7.9573512227247365,0.0,801058,4972.139744417215,151065.90724124998
6964.825085106836,1200,8.529998006468137,0.0,561791,3427.3532162566007,190851.1047075
6968.6883743195585,1200,8.66670879374506,0.0,709534,3863.2892127230757,173322.97063875
6972.227920292673,1200,9.127162820631096,0.0,584846,3539.5459731139645,153776.68539375
6980.095052078378,1850,5.260031034925193,0.0,913888,7867.131785705903,66443.75682562501
6981.644972827102,300,7.7101102862011315,0.0,141840,1549.9207487240617,140376.92932625
6985.95802450746,1200,7.397058605842841,0.0,594078,4313.0516803582905,151880.88888875002
6992.642658545697,1200,4.7124245676072,0.0,624282,6684.634038235641,59059.678653375
6995.997584248833,300,5.357498864469833,0.0,179801,3354.925703137366,55109.508547000005
6998.75265991454,300,6.60242319876272,0.0,140051,2755.0756657071133,55109.508547000005
7003.529379225785,750,5.8257038875176015,0.0,366214,4776.719311245119,105833.536585375
7006.991032102739,750,6.364051010563105,0.0,360831,3461.6528769544966,127334.00537625
7010.177977124895,750,7.17710598840728,0.0,372963,3186.9450221558254,112694.0607735
7014.97457738444,750,6.3805057288630005,0.0,405596,4796.600259544279,85744.357439
7018.257035417815,750,7.0980476954879865,0.0,350713,3282.4580333750137,139518.248175
7021.600865434531,750,7.754217678771141,0.0,386472,3343.830016716846,111216.974674875
7027.755627396414,1200,5.599455716888391,0.0,616206,6154.76196188275,119528.30188674999
7029.488731605764,300,7.866351507538873,0.0,163927,1733.1042093495182,102860.78173037499
7035.128220226801,1200,6.22686288650162,0.0,536667,5639.488621037253,93856.83297175
7039.552946367798,750,5.802136745505614,0.0,359903,4424.7261409960065,89267.12623874999
7043.047343652228,750,6.307739461075223,0.0,379700,3494.39728443039,145719.86970625
7046.550978541611,750,6.804104571692078,0.0,425781,3503.6348893831455,138668.63406374998
7049.900069062116,750,7.455014051187374,0.0,277716,3349.0905205047047,78900.5807995
7056.359623742865,1200,4.9954593704385735,0.0,622896,6459.5546807488,153340.206185
7057.760889782879,300,7.594193330424638,0.0,149029,1401.2660400139362,92718.627451
7065.497180546118,1200,4.0,0.14209743281473494,570392,7736.290763239373,73274.193548375
7067.416382482965,300,6.080798063152988,0.0,157488,1919.2019368470117,113039.0763765
7070.5695569015825,750,6.927623644534862,0.0,369834,3153.1744186181268,107317.919075125
7073.738285988809,750,7.758894557307687,0.0,412837,3168.7290872271747,158098.67841375
7078.552777546916,1200,6.944402999200845,0.0,690253,4814.491558106843,146638.19500375
7081.196280161608,750,8.30090038450879,0.0,365161,2643.5026146920554,123035.31855950001
7084.818953994437,1200,8.678226551680064,0.0,487812,3622.6738328287265,181114.97326250002
7088.910761907081,1200,8.586418639035623,0.0,575591,4091.807912644441,135770.8146825
7094.547691773845,1200,6.949488772271753,0.0,605884,5636.9298667638695,117448.33333337499
7097.831370740669,750,7.665809805447764,0.0,390680,3283.678966823989,155757.52051
7102.4360412785845,1200,7.061139267531758,0.0,566904,4604.670537916006,120821.218074625
7105.724297877485,750,7.772882668631342,0.0,384505,3288.2565989004165,143185.287995
7111.631703248456,1200,5.8654772976602345,0.0,599477,5907.405370971108,71221.90201725
7117.873262772707,750,4.0,0.37608222658986595,438281,6241.5595242501,142994.2052975
7119.401776437797,300,6.471486334909563,0.0,167025,1528.5136650904365,111844.413982125
7122.967234702292,750,6.906028070413776,0.0,393804,3565.4582644957873,131834.98583625
7126.084966823679,750,7.78829594902841,0.0,331053,3117.732121385365,105667.076167125
7131.876174923333,1200,5.997087849374824,0.0,550906,5791.208099653586,113232.88439949999

