26417.057657509802,750,4.0,3.704434403261277,450283,3704.4344032612767,149927.47252749998
26418.229975137067,300,6.827682372737972,0.0,155580,1172.3176272620274,149927.47252749998
26420.17777417855,750,8.879883331248983,0.0,350812,1947.799041488988,194395.622895
26425.076682944695,1850,7.98097456510613,0.0,933276,4898.908766142855,182926.4990325
26428.92826225881,1200,8.129395250991813,0.0,652874,3851.579314114317,207525.0
26432.407418272265,1200,8.650239237538084,0.0,520315,3479.1560134537285,179652.1265
26435.911883391764,1200,9.14577411803659,0.0,561791,3504.4651195014944,179148.7826875
26441.517851049884,1850,7.539806459914291,0.0,1060487,5605.967658122299,189919.44146125
26445.086513614442,1200,7.971143895355466,0.0,584846,3568.662564558825,203348.14049625
26447.786945018193,1200,9.270712491601422,0.0,560821,2700.4314037540444,205541.66666625
26451.705924794383,1850,9.35173271541304,0.0,939819,3918.979776188382,234583.98950125
26455.875114755596,1850,9.182542754199277,0.0,917428,4169.189961213762,249815.34090875
26459.800638616118,1850,9.257018893676912,0.0,946851,3925.523860522365,258976.01199374997
26463.816193472434,1850,9.241464037362489,0.0,1036454,4015.5548563144243,251132.84671500002
26467.2086150908,1850,9.849042418996442,0.0,821631,3392.421618366047,245257.6028625
26470.83651594856,1850,10.221141561236154,0.0,923170,3627.9008577602867,270425.0
26473.911898030183,1850,11.14575947961257,0.0,966699,3075.3820816235843,298329.25170125003
26479.466042290816,2850,9.591615218978541,0.0,1358801,5554.14426063403,191258.1602375
26484.34290404384,1850,8.71475346595904,0.0,987708,4876.861753019501,222261.93248000002
26487.85355126383,1200,9.204106245966145,0.0,586839,3510.6472199928958,142018.10344875
26492.746563745673,1850,8.311093764124488,0.0,891604,4893.012481841657,205331.48405
26495.609206701352,1200,9.44845080844574,0.0,616206,2862.642955678748,169363.02682
26501.129508357517,1850,7.9281491522810805,0.0,968026,5520.301656164659,259241.02564125002
26503.430152457113,1200,9.62750505268513,0.0,536667,2300.6440995959492,298176.304655
26509.626188727532,1850,7.431468782268035,0.0,897976,6196.036270417095,289629.51334375
26512.66552240728,1200,8.392135102521028,0.0,590335,3039.3336797470074,173784.58497999999
26516.48649724758,1200,8.571160262217676,0.0,696376,3820.9748403033527,221225.06393874998
26518.799026088807,1200,10.258631420991042,0.0,487160,2312.5288412266336,198758.83069375
26523.629759723994,1850,9.427897785803848,0.0,972798,4830.733635187192,237326.4746225
26529.035077957702,1850,8.022579552098714,0.0,975811,5405.318233705135,232355.15873000002
26532.143722477645,1200,8.913935032156482,0.0,570392,3108.6445199422324,225354.16666625
26537.072861434328,1850,7.984796075473661,0.0,954453,4929.13895668282,175206.26631875
26539.622182379557,1200,9.4354751302484,0.0,584349,2549.320945225261,266676.674365
26543.05450934205,1850,10.003148167752398,0.0,1035329,3432.3269624960008,381569.65174125
26546.275658360835,1850,10.78199914896759,0.0,1026056,3221.1490187848094,311510.06711375003
26551.64720247046,2850,9.410455039343116,0.0,1439896,5371.544109624472,267610.66666625
26553.936964218425,1850,11.120693291376345,0.0,728962,2289.7617479667715,443692.1397375
26559.901727450786,2850,9.155930059016749,0.0,1499009,5964.763232359598,243906.25
26564.294435801006,1850,8.763221708793312,0.0,908665,4392.708350223436,280185.1179675
26566.3892993748,1200,10.668358134999727,0.0,587506,2094.863573793585,351730.31496125
26570.92305879894,2850,10.13459871085953,0.0,1339500,4533.759424140197,314976.31133625
26578.224859687718,1850,6.83279782208084,0.0,1025005,7301.800888778689,75179.210134125
26579.546239828167,750,9.511417681633743,0.0,372093,1321.3801404470971,142182.0448875
26585.30980269298,1850,7.7478548168195225,0.0,973972,5763.56286481422,236247.43443499997
26588.13589496625,1200,8.92176254355187,0.0,630203,2826.092273267653,254664.1366225
26594.323191686733,1850,6.734465823064224,0.0,982064,6187.296720487645,141854.71698124998
26596.748032234922,750,8.309625274878064,0.0,331053,2424.8405481861596,137526.31579
26602.031210033423,1200,7.0264474763751075,0.0,550906,5283.177798502957,71961.368653375

