17545.837197149176,750,4.0,2.943433872988283,450283,2943.4338729882834,223174.48200625
17546.651010529546,300,7.18618661963313,0.0,155580,813.8133803668703,223174.48200625
17548.19705713703,750,9.640140012146148,0.0,350812,1546.0466074869817,226858.54616875
17553.095658735543,1850,8.741538413633311,0.0,933276,4898.601598512838,213483.06997749998
17556.484897921116,1200,9.352299228062703,0.0,652874,3389.2391855706073,210174.37722375
17560.342832785427,1850,9.494364363749153,0.0,801058,3857.934864313551,224864.66165375
17564.14255673854,1850,9.694640410635415,0.0,905515,3799.723953113739,311073.50427375
17568.761188985678,1850,9.076008163497988,0.0,1060487,4618.632247137426,255306.09597874997
17572.360550782676,1850,9.476646366501479,0.0,852833,3599.3617969965107,212812.80788125002
17576.63381063784,1850,9.203386511337754,0.0,913888,4273.259855163724,236470.35040375
17580.67730782462,1850,9.159889324556872,0.0,939819,4043.4971867808817,183637.20452250002
17586.11908987358,1850,7.718107275592572,0.0,917428,5441.782048964301,159668.29745625
17589.96103886945,1200,7.876158279726778,0.0,624282,3841.9489958657937,170592.93873375
17595.04449188775,1200,6.792705261422315,0.0,687371,5083.4530183044635,350314.23611125
17596.173103049157,750,9.664094100015758,0.0,337059,1128.6111614065562,247025.225225
17600.20693226702,1850,9.630264882155195,0.0,923170,4033.829217860562,248666.66666625
17604.20904486242,1850,9.628152286756936,0.0,966699,4002.1125953982587,293671.77242875
17608.250299028467,1850,9.58689812070994,0.0,885714,4041.254166046997,233850.699845
17612.577397041205,1850,9.25980010797221,0.0,987708,4327.098012737729,258035.62005250002
17616.272156206425,1850,9.565040942750421,0.0,923755,3694.7591652217866,253838.212635
17620.289511869407,1850,9.547685279769029,0.0,891604,4017.355662981394,226713.6294025
17624.53405468955,1850,9.303142459629283,0.0,955231,4244.542820139744,204437.625755
17629.394406502444,1850,8.442790646734665,0.0,968026,4860.35181289462,267498.4520125
17632.058333363206,1200,9.778863785973758,0.0,536667,2663.926860760904,201537.558685
17636.60323774213,1850,9.233959407047939,0.0,897976,4544.9043789258185,201806.5359475
17641.60013714556,1850,8.237060003616941,0.0,905935,4996.899403430998,167959.22330125
17647.80574301938,1200,6.031454129795912,0.0,696376,6205.6058738210295,176413.19107625
17649.308353718174,750,8.528843431001995,0.0,277716,1502.6106987939177,229816.0493825
17653.59549678322,1200,8.241700365955857,0.0,622896,4287.143065046137,157449.6124025
17658.66874872338,1200,7.168448425796391,0.0,641447,5073.251940159467,107982.9545455
17662.687254592536,750,7.149942556639076,0.0,358218,4018.5058691573145,72905.32544375
17666.987249716916,750,6.8499474322625,0.0,400322,4299.995124376576,88290.04329
17670.901599859037,750,6.935597290141978,0.0,369834,3914.3501421205233,106305.284761375
17674.28832091542,750,7.548876233758605,0.0,412837,3386.721056383373,152682.59385625
17683.54426654104,1200,4.0,1.7070693918633697,690253,9255.945625621975,132634.33559625002
17685.25019586293,300,6.294070678110278,0.0,159914,1705.9293218897221,67489.228007125
17691.939030402013,750,4.0,0.394763860969917,321064,6688.834539080195,54730.2575715
17694.40414424085,300,5.534886161164024,0.0,124011,2465.1138388359764,54730.2575715
17697.614422217415,300,6.324608184600786,0.0,144254,3210.277976563239,46783.576552125
17704.17957607034,750,4.0,0.2405456683243865,390680,6565.153852925172,78867.33870962501
17707.02035217582,300,5.159223894519017,0.0,147968,2840.776105480984,52341.802068000005
17710.70182309725,300,5.4777529730897,0.0,161857,3681.4709214293157,44965.379180375
17713.561070720523,300,6.6185053498168855,0.0,145210,2859.247623272815,76747.5247525
17718.738454852897,750,5.4411212174424755,0.0,438281,5177.38413237441,103156.543519125
17719.762191221966,300,8.41738484837225,0.0,167025,1023.7363690702263,190490.44586
17723.656641429883,1200,8.522934640458113,0.0,638661,3894.4502079141375,111060.76519125
17731.4209798781,1200,4.75859619224062,0.0,538612,7764.338448217492,108067.518248125
17733.21547763315,300,6.964098437188593,0.0,118421,1794.4977550520268,64814.882697999994

