11745.716445439473,750,4.0,2.7857807865153212,450283,2785.7807865153213,138558.56465749998
11746.978389128464,300,6.738056311008653,0.0,155580,1261.9436889913468,138558.56465749998
11748.617179449575,750,9.099265989896171,0.0,350812,1638.7903211124808,269163.17016375
11753.13232250007,1850,8.58412293940076,0.0,933276,4515.143050495411,212523.595505
11756.080369986987,1200,9.636075452484246,0.0,652874,2948.047486916515,236867.64705874998
11759.514515832043,1850,10.201929607427953,0.0,801058,3434.1458450562914,224583.22903625
11763.580376663247,1850,10.136068776222707,0.0,905515,4065.860831205245,247589.11564625
11769.161150236692,1850,8.55529520277831,0.0,1060487,5580.773573444399,184653.84615375
11772.41723817738,1200,9.299207262089281,0.0,584846,3256.087940689029,260372.32525
11777.542093452463,1850,8.174351987008174,0.0,913888,5124.855275081108,201298.42342375
11780.739645213365,1200,8.97680022610467,0.0,607410,3197.5517609035046,230077.49627374997
11784.934697083654,1850,8.781748355815704,0.0,917428,4195.051870288965,233465.587045
11788.10694280691,1200,9.609502632559808,0.0,624282,3172.2457232558963,245384.96240624998
11793.265202447299,1850,8.45124299217006,0.0,1036454,5158.259640389747,226306.406685
11795.90447713712,1200,9.811968302350552,0.0,526950,2639.2746898195087,197264.74820125
11800.139390266533,1850,9.577055172935543,0.0,923170,4234.913129415008,318147.05882375
11804.682028050664,1850,9.03441738880701,0.0,966699,4542.637784128534,270702.3809525
11809.04719431773,1850,8.6692511217393,0.0,885714,4365.16626706771,264263.62038625
11811.91026514907,1200,9.806180290400247,0.0,639204,2863.0708313390533,228161.64053124998
11818.187327292579,1850,7.5291181468924195,0.0,923755,6277.062143507827,328601.76991125
11820.474819616857,1200,9.241625822615333,0.0,601738,2287.492324277086,310452.83018875
11826.234384785446,1850,7.4820606540266725,0.0,955231,5759.5651685886605,149003.71195250002
11831.545553431917,1200,6.170892007554337,0.0,656471,5311.168646472335,124822.48157250001
11834.192648562788,750,7.5237968766820496,0.0,343800,2647.095130872288,140577.89382125
11838.686313742393,1200,7.030131697077933,0.0,587236,4493.665179604116,154981.16591875
11841.428788804851,750,8.287656634620221,0.0,379700,2742.4750624577123,156956.124315
11844.938930783963,1200,8.77751465550825,0.0,696376,3510.141979111972,205908.4821425
11846.911843354294,1200,10.804602085177214,0.0,487160,1972.912570331036,276953.02013375
11853.85133746159,2850,7.86510797788008,0.0,1498470,6939.494107297133,284635.36776249995
11856.926156567966,1200,8.790288871504119,0.0,641447,3074.8191063759623,185435.1554125
11859.664283418691,1200,10.052162020780022,0.0,570392,2738.126850724097,251573.25746749996
11864.06200540202,1850,9.654440037450742,0.0,954453,4397.721983329279,229074.53416125002
11868.207946412102,1850,9.508499027368213,0.0,885062,4145.941010082529,203406.3079775
11875.48245727324,1850,6.233988166231049,0.0,1035329,7274.510861137164,140792.13483125
11878.106335745517,750,7.610109693952778,0.0,401088,2623.8784722782693,190880.55281375
11882.268826365618,1200,7.4476190738511185,0.0,598727,4162.49062010166,165474.61928875002
11885.806379444824,1200,7.910065994645109,0.0,487812,3537.55307920601,157390.86294375
11890.416081346928,1200,7.300364092542508,0.0,575591,4609.701902102601,90490.1664145
11897.778608477362,1200,4.0,0.06216303789122867,605884,7362.527130433737,73874.251497
11899.695663477414,300,6.08294499994826,0.0,149991,1917.0550000517403,88510.70038912499
11902.498436314507,750,7.280172162854621,0.0,345516,2802.7728370936384,100658.92351275
11909.277764697843,1200,4.50084377951924,0.0,641452,6779.328383335381,80049.20699475
11911.263746234752,300,6.514862242609986,0.0,145210,1985.9815369092544,92194.063927
11915.737154158965,750,6.041454318397385,0.0,438281,4473.407924212602,123491.880920125
11918.62529599357,750,7.153312483791536,0.0,398987,2888.1418346058476,151546.23655874998
11922.326900404714,750,7.451708072648123,0.0,393804,3701.604411143414,137573.26892124998
11925.29853942397,1200,8.480069053393407,0.0,538612,2971.639019254715,219114.01425125
11928.757807697992,1200,9.020800779370768,0.0,550906,3459.268274022639,123417.543859625

