3317.3912685454125,750,4.0,4.746018619318359,450283,4746.018619318359,134109.436435
3318.6924236364043,300,6.698844909008274,0.0,155580,1301.1550909917264,134109.436435
3321.6599435172598,750,7.7313250281528,0.0,350812,2967.519880855474,123366.45299149999
3326.57440204517,1200,6.81686650024275,0.0,617681,4914.458527910049,122381.01265825
3329.8184456894323,750,7.572822855980342,0.0,411561,3244.0436442624086,126979.30463625002
3333.9777432432134,1200,7.413525302199233,0.0,520315,4159.297553781109,140178.4140975
3339.617557305261,1200,5.773711240151463,0.0,561791,5639.814062047771,105806.679511875
3344.0967176537306,750,5.294550891681918,0.0,437162,4479.160348469544,109947.98007749999
3345.603183354636,300,7.788085190776589,0.0,150710,1506.4657009053292,128379.73274
3349.3444013316685,1200,8.046867213743944,0.0,560821,3741.2179770326456,189705.10397
3353.4525700213603,1200,7.938698524052178,0.0,607410,4108.168689691765,142404.34477875
3357.8089250403063,1200,7.582343505105849,0.0,594078,4356.3550189463285,158968.55345875
3362.732282697745,1200,6.658985847667432,0.0,624282,4923.357657438418,127276.94160125
3365.932105498489,750,7.459163046923444,0.0,434409,3199.822800743988,137926.69753125
3370.427170333842,1200,6.964098211570573,0.0,526950,4495.06483535287,117962.915601
3373.5600098262503,750,7.831258719162208,0.0,366214,3132.839492408366,141034.48275875
3379.3406641308466,1200,6.050604414565954,0.0,617242,5780.654304596254,80426.77824262499
3384.144721231865,750,5.246547313547803,0.0,372963,4804.05710101815,85598.11694749999
3386.1991916300667,300,7.1920769153455275,0.0,165384,2054.470398202276,90605.774569625
3390.3904251263048,750,7.000843419107685,0.0,350713,4191.233496237843,93122.0610305
3394.2325946677697,750,7.158673877642874,0.0,386472,3842.1695414648116,119795.264624
3398.2531922365797,750,7.138076308832671,0.0,399894,4020.597568810203,100689.1217565
3402.901496666574,750,6.4897718788383045,0.0,401853,4648.304429994367,97648.86039887501
3407.4525285956406,750,5.938739949771655,0.0,343800,4551.031929066649,68866.215818875
3412.2351498583557,750,5.156118687056731,0.0,359903,4782.621262714924,82655.75974899999
3414.3884978105707,300,7.002770734841688,0.0,153938,2153.3479522150433,75775.831873875
3426.866827303108,750,4.0,5.475558757695768,425781,12478.329492537456,28606.914546625
3431.0369315667886,300,4.0,0.17010426368050413,111155,4170.104263680504,28606.914546625
3436.7702643559664,300,4.0,1.7333327891778598,153605,5733.33278917786,28597.485616875
3441.7128701532342,300,4.0,0.9426057972678955,149029,4942.6057972678955,33576.866283874995
3446.334379207624,300,4.0,0.6215090543896922,157421,4621.509054389692,40427.974434625
3451.107165573169,300,4.0,0.7727863655447718,157488,4772.786365544772,30204.289824749998
3456.201475960511,300,4.0,1.0943103873418059,143881,5094.310387341806,30204.289824749998
3459.5044473918124,300,4.697028568698517,0.0,163444,3302.9714313014833,67641.025641
3462.464267350505,300,5.737208610005859,0.0,179328,2959.819958692659,59017.976843375
3469.823329611669,750,4.0,1.6218536511584007,365161,7359.062261164259,34228.37495475
3473.9507564114633,300,4.0,0.1274267997943007,131610,4127.426799794301,34228.37495475
3477.0776831918065,300,4.8730732196570505,0.0,124011,3126.9267803429493,45829.39946225
3481.3034554921783,300,4.64730091928496,0.0,144254,4225.772300372091,32291.728578499995
3485.3262516841937,300,4.62450472726987,0.0,149991,4022.7961920150888,84009.95732575
3487.2415983783503,300,6.709158033112945,0.0,147968,1915.346694156926,179946.2770975
3489.113729537703,750,8.837026873760404,0.0,384505,1872.1311593525409,418153.15315375
3491.1936733270995,1850,10.757083084364165,0.0,886255,2079.9437893962386,488147.4201475
3494.592327153004,2850,11.358429258459681,0.0,1587250,3398.6538259044837,510580.40200999996
3497.7728343761587,2850,12.177922035305153,0.0,1464921,3180.5072231545264,487812.5
3502.701213376305,4300,11.249543035158949,0.0,2246506,4928.379000146205,522652.56797625
3505.626135342329,2850,12.324621069135345,0.0,1231456,2924.9219660236054,480353.80117
3510.0664483867936,4300,11.884308024670633,0.0,2155012,4440.313044464712,472793.89313

