4092.025942750064,750,4.0,1.256359210868177,450283,1256.359210868177,359667.8383125
4092.5612751529306,300,7.464667597133497,0.0,155580,535.3324028665032,359667.8383125
4094.4943461593984,1200,9.531596590665641,0.0,571051,1933.0710064678542,295347.73218125
4097.192347312832,1850,10.83359543723306,0.0,933276,2698.0011534325813,372308.2524275
4103.181195274499,2850,8.844747475565184,0.0,1472558,5988.847961667876,303624.3654825
4106.27458239685,1850,9.751360353214823,0.0,801058,3093.3871223503606,301288.07947
4110.214931338839,1850,9.81101141122511,0.0,905515,3940.348941989713,415564.41717749997
4114.271433004289,1850,9.754509745775547,0.0,1060487,4056.5016654495626,396339.44954125
4117.310681614371,1850,10.715261135693513,0.0,852833,3039.2486100820333,281058.17610125
4122.759026715515,2850,9.266916034549984,0.0,1429765,5448.34510114353,389635.135135
4125.182813859083,1850,10.843128890982593,0.0,939819,2423.7871435673915,488930.1075275
4128.589315802639,2850,11.436626947425923,0.0,1519951,3406.5019435566696,515409.77443625004
4132.273200217633,2850,11.752742532432368,0.0,1422919,3683.8844149935544,301146.802325
4136.7000569126585,2850,11.325885837406288,0.0,1578343,4426.856695026081,422376.404495
4140.984367437095,2850,11.04157531297032,0.0,1231445,4284.310524435968,336199.24098625
4145.164772671191,2850,10.86117007887413,0.0,1471065,4180.405234096191,494785.407725
4149.285162314531,2850,10.740780435534445,0.0,1491626,4120.389643339685,342682.96796
4153.057086854156,2850,10.968855895908892,0.0,1358801,3771.924539625554,371666.66666625
4157.921717389543,2850,10.104225360522051,0.0,1537156,4864.630535386842,261992.66862125
4163.63995326796,1850,8.385989482105993,0.0,923755,5718.235878416058,351806.51731125003
4165.360620885249,1200,10.665321864816663,0.0,601738,1720.6676172893294,396910.44776125
4179.968505975882,2850,4.0,3.942563225816677,1468126,14607.885090633341,38214.0642845
4184.210072563646,300,4.0,0.2415665877631891,163927,4241.566587763189,43824.695122
4187.770461414546,300,4.4396111490990755,0.0,137654,3560.3888509009244,39118.582944375
4191.708171131689,300,4.501901431956068,0.0,146754,3937.709717143007,44622.478386125
4194.788513583565,300,5.4215589800800466,0.0,153938,3080.3424518760216,55121.621621624996
4198.068927767691,300,6.141144795954301,0.0,181901,3280.414184125745,60194.363741999994
4202.153933127675,750,6.056139435970271,0.0,277716,4085.005359984029,151013.774105
4204.918434765626,750,7.2916377980183915,0.0,400396,2764.50163795188,155865.19421125
4208.350920394624,1200,7.85915216902034,0.0,641447,3432.4856289980517,238233.4494775
4210.778929086553,1200,9.431143477091629,0.0,570392,2428.0086919287105,255769.84127000003
4216.244564686524,1850,7.965507877119596,0.0,954453,5465.635599972034,161252.53378375003
4218.877875767066,1200,9.332196796578433,0.0,584349,2633.311080541162,195470.588235
4227.457183569071,1850,4.752888994573906,0.0,1035329,8579.307802004527,133360.7973425
4228.881735025046,300,7.328337538599493,0.0,179328,1424.5514559744129,158769.43699750002
4233.0946993711395,1200,7.115373192505039,0.0,598727,4212.9643460944535,119817.80660375
4235.815526066865,750,8.39454649677973,0.0,321064,2720.826695725308,138885.640585
4239.79885360396,1200,8.411218959684394,0.0,575591,3983.327537095336,161197.76119375002
4243.352402580167,1200,8.857669983477527,0.0,605884,3553.5489762068682,115622.89780075
4254.373560972509,1850,4.0,2.1634884088640574,930577,11021.158392341584,80637.32232925
4256.3834712841035,300,5.990089688405333,0.0,147968,2009.910311594667,84561.76053
4261.81261549135,750,4.560945481159118,0.0,384505,5429.144207246214,66949.6904025
4264.166163984132,300,6.207396988376892,0.0,145210,2353.548492782227,71310.876928875
4269.937226940965,750,4.436334031543827,0.0,438281,5771.062956833065,108138.502319375
4271.687222982379,300,6.686337990129107,0.0,167025,1749.99604141472,102990.939977375
4275.1913248000565,750,7.182236172452269,0.0,393804,3504.101817676838,125982.36196375001
4277.957621256776,750,8.415939715732891,0.0,331053,2766.2964567193776,111981.2297735
4283.328669466258,1200,7.044891506251412,0.0,550906,5371.048209481479,92304.801670125

