8892.007479814867,750,4.0,6.8100179178166504,450283,6810.017917816651,151033.94834
8893.171795115186,300,6.835684699681131,0.0,155580,1164.3153003188686,151033.94834
8895.593526239507,750,8.413953575359589,0.0,350812,2421.7311243215436,140990.23199
8899.965283010484,1200,8.042196804382135,0.0,617681,4371.756770977454,155685.99033875
8904.591575313652,1200,7.415904501215179,0.0,652874,4626.292303166955,162047.22452375002
8908.544222576365,1200,7.463257238502733,0.0,520315,3952.6472627124463,104891.745602125
8913.49059818333,1200,6.516881631536688,0.0,561791,4946.375606966044,131363.10395375002
8916.740309011024,750,7.26717080384312,0.0,437162,3249.7108276935687,129098.5442325
8921.32107940597,1200,6.6864004088962945,0.0,584846,4580.770394946825,156314.641745
8924.347609450275,750,7.659870364592651,0.0,362795,3026.5300443036444,126840.028695
8929.821874915475,1200,6.185604899392945,0.0,607410,5474.265465199706,114963.701067625
8935.196559116132,750,4.810920698737074,0.0,405134,5374.684200655871,56264.180024625
8937.479080406896,300,6.528399407971229,0.0,160746,2282.521290765845,88572.014351625
8941.679952831231,750,6.327526983637247,0.0,434409,4200.872424333981,124970.8879185
8944.572579494203,750,7.4349003206658475,0.0,337059,2892.6266629714005,132018.46381125
8950.578940227924,1200,5.428539586944102,0.0,587876,6006.360733721745,109169.31216925
8952.042681704914,300,7.964798109953208,0.0,143509,1463.7414769908933,109169.31216925
8957.609912256632,1200,6.397567558236278,0.0,581493,5567.23055171693,93613.636363625
8961.4802548572,750,6.527224957667824,0.0,405596,3870.342600568455,132772.482705
8964.600774527435,750,7.4067052874349,0.0,350713,3120.519670232923,107431.77790900001
8971.809949123135,1200,4.197530691733556,0.0,601738,7209.174595701344,55870.737252375
8974.078936715068,300,5.928543099799719,0.0,157812,2268.987591933837,79036.54636825
8978.471489750018,750,5.535990064849847,0.0,401853,4392.553034949872,92837.795275625
8980.112265153379,300,7.895214661489262,0.0,137654,1640.7754033605854,92837.795275625
8986.311176538811,1200,5.696303276055519,0.0,587236,6198.911385433743,106280.96118299999
8990.763671970959,750,5.24380784390705,0.0,379700,4452.495432148468,109210.1740295
8994.527831111942,300,5.479648702924836,0.0,181901,3764.159140982215,40753.14712825
8997.478904179985,300,6.528575634882271,0.0,111155,2951.073068042564,40753.14712825
9006.21785627749,750,4.0,2.210376462623787,400396,8738.952097506059,52962.904498875
9008.413610679261,300,5.80424559822926,0.0,149029,2195.75440177074,74445.616587875
9011.190010017908,750,7.027846259582291,0.0,358218,2776.399338646968,153654.0252825
9013.964573499443,750,8.25328277804894,0.0,400322,2774.5634815333515,146412.85297
9019.83244710185,1200,6.385409175641325,0.0,584349,5867.873602407614,147491.34615375
9022.61182111364,750,7.606035163851604,0.0,412837,2779.37401178972,186895.56962
9026.580435824591,1200,7.637420452901067,0.0,690253,3968.6147109505364,145402.471315
9030.45248690528,1200,7.765369372213073,0.0,598727,3872.051080687994,129684.0731075
9034.191173225052,1200,8.026683052441388,0.0,487812,3738.6863197716852,105189.59537575
9039.012743693364,1200,7.205112584131421,0.0,575591,4821.5704683099675,134664.88956625
9044.218243820655,1200,5.9996124568400715,0.0,605884,5205.50012729135,94569.086651
9047.861818019604,750,6.356038257890162,0.0,390680,3643.5741989499093,142594.53125
9050.534291360531,750,7.683564916963679,0.0,345516,2672.4733409264836,175879.36772
9055.94136210019,1200,6.276494177305335,0.0,641452,5407.070739658344,92045.82904225
9059.08033338963,750,7.1375228878659,0.0,372093,3138.9712894394347,152348.47233750002
9062.493542259146,750,7.7243140183486485,0.0,438281,3413.208869517251,106523.3192005
9067.49929149138,1200,6.718564786114972,0.0,630203,5005.749232233677,170946.64031625
9070.726573823396,750,7.491282454099345,0.0,393804,3227.2823320156267,140550.85435375
9074.520201530788,1200,7.697654746708051,0.0,538612,3793.6277073912947,151588.762215
9078.724443522427,1200,7.493412755069319,0.0,550906,4204.241991638732,129061.15965

