26990.126379586418,750,4.0,3.3429362672757508,450283,3342.9362672757507,148405.3662075
26991.314501243534,300,6.811878342882704,0.0,155580,1188.1216571172963,143885.38932625
26994.094376725257,750,8.032002861160601,0.0,350812,2779.8754817221034,132042.30989124998
26998.635365009628,1200,7.491014576787884,0.0,617681,4540.988284372716,123317.60204087499
27002.80742387309,1200,7.318955713324663,0.0,652874,4172.05886346322,226903.7122975
27005.510633477235,1200,8.615746109182275,0.0,520315,2703.209604142388,193063.51183125
27008.746974641268,1200,9.379404945152174,0.0,561791,3236.341164030101,249571.62726
27013.405019455135,1850,8.721360131285277,0.0,1060487,4658.044813866898,237805.68720375
27016.00474661068,1200,10.121632975737436,0.0,584846,2599.7271555478424,235470.4519125
27019.868877132532,1850,10.257502453888296,0.0,913888,3864.130521849139,218462.70543625
27025.157323754785,1850,8.969055831635055,0.0,939819,5288.446622253243,136348.58886375002
27032.891119668857,1850,5.235259917563522,0.0,917428,7733.795914071532,91551.275377375
27034.946166475253,300,7.180213111170187,0.0,160746,2055.046806393335,85574.23371649999
27039.853632390394,750,6.27274719602503,0.0,434409,4907.465915145158,111717.57075475
27043.26031492892,750,6.866064657499775,0.0,337059,3406.682538525254,85839.55812725
27047.378761746197,750,6.747617840220343,0.0,366214,4118.446817279432,81005.657093125
27052.440048028417,750,5.686331558001465,0.0,360831,5061.286282218878,96103.9106145
27057.9201266435,750,4.206252942916107,0.0,372963,5480.078615085358,67171.55849525
27060.774546851848,300,5.35183273457075,0.0,165384,2854.4202083453565,60576.703692625
27063.23087805783,300,6.895501528589848,0.0,140881,2456.3312059809023,65892.6974665
27066.882527860074,750,7.243851726344042,0.0,386472,3651.6498022458063,189340.33953125
27070.623356541422,1200,7.503023044998363,0.0,616206,3740.8286813456793,179524.63768125
27074.781296629706,1200,7.345082956713682,0.0,656471,4157.94008828468,157749.6402875
27078.42776697717,1200,7.698612609248501,0.0,536667,3646.470347465182,169024.66598125
27081.704331331224,1200,8.42204825519272,0.0,587236,3276.5643540557817,205137.789905
27084.713585841833,1200,9.412793744579671,0.0,590335,3009.254510613049,234091.58415875002
27089.481455794074,1850,8.64492379234158,0.0,1076599,4767.869952238092,255730.02754875002
27091.888652559686,1200,10.237727026727821,0.0,487160,2407.1967656137567,207207.85219374998
27096.41445196677,1850,9.711927619644907,0.0,972798,4525.799407082915,230698.850575
27102.873527604217,1850,7.252851982196686,0.0,975811,6459.07563744822,134915.01028125
27107.39579616243,1200,6.730583423984963,0.0,570392,4522.268558211724,96216.03563474999
27113.694947228938,750,4.43143235747728,0.0,400322,6299.151066507683,58464.419475625
27116.335538028157,300,5.790841558258773,0.0,143881,2640.590799218506,92061.42241375
27121.32622667387,750,4.800152912547352,0.0,412837,4990.6886457114215,67797.913446625
27124.268931872502,300,5.857447713917148,0.0,179328,2942.7051986302026,63421.794431125
27129.74442767244,750,4.381951913976202,0.0,365161,5475.495799940946,79083.940207
27131.43517282621,300,6.691206760207961,0.0,131610,1690.7451537682423,118670.71524962499
27135.522555205265,750,6.6038243811524895,0.0,361565,4087.382379055471,56043.5905715
27140.372822532256,750,5.753557054164882,0.0,378327,4850.267326987608,124735.352205375
27143.458259000323,750,6.668120586094908,0.0,390680,3085.4364680699746,149982.536765
27146.18419880447,750,7.942180781951189,0.0,345516,2725.939804143719,152958.91536625
27150.69857608622,1200,7.427803500199833,0.0,641452,4514.377281751356,135859.5317725
27155.124967607444,1200,7.001411978978015,0.0,599477,4426.391521221817,148215.13513500002
27159.034323816944,750,7.09205576947583,0.0,438281,3909.3562095021857,94413.7931035
27162.731134952857,750,7.395244633560592,0.0,398987,3696.811135915237,131115.151515
27170.433368986633,1200,4.0,0.30698940021355065,638661,7702.234033774143,105775.205016875
27171.70983574252,300,6.7235332441114055,0.0,137507,1276.466755888595,121235.77235775
27173.979679704367,750,8.453689282267089,0.0,314107,2269.8439618443153,155887.20379125

