2551.983436995172,750,4.0,1.9120480482224669,450283,1912.0480482224668,251723.2472325
2552.7140261753652,300,7.2694108198065255,0.0,155580,730.5891801934749,251723.2472325
2555.2670074670655,1200,8.716429528106234,0.0,571051,2552.9812917002923,262973.0769225
2562.8102040567337,1200,5.173232938438042,0.0,617681,7543.19658966819,54212.09515625
2565.9532490093056,300,6.030187985866345,0.0,163442,3143.0449525716976,137570.4035875
2568.4682726022943,750,7.515164392877745,0.0,318564,2515.0235929886,137837.2093025
2573.2344815123856,1200,6.748955482786321,0.0,561791,4766.2089100914245,89002.876318375
2576.811073825956,750,7.172363169215348,0.0,437162,3576.592313570972,185373.9669425
2579.0285174390956,750,8.954919556076003,0.0,374758,2217.443613139345,196514.342235
2583.7087809193176,1850,8.274656075854317,0.0,913888,4680.263480221687,222914.68005
2586.761397907449,1200,9.222039087723179,0.0,607410,3052.616988131138,206983.17560500003
2591.946249985952,1850,8.037187009219998,0.0,917428,5184.852078503181,72798.553719
2598.2601526103863,1200,5.723284384785879,0.0,624282,6313.9026244341185,105521.25147575
2603.9409647725856,750,4.042472222586153,0.0,434409,5680.812162199726,74544.664413375
2605.998599341381,300,5.9848376537905486,0.0,140051,2057.6345687956045,74544.664413375
2615.2419361212687,750,4.0,3.2584991260969955,366214,9243.336779887544,45106.437548125
2617.681770612666,300,5.560165508602894,0.0,143509,2439.8344913971064,66349.42443375
2619.7776724073187,300,7.464263713949834,0.0,150616,2095.9017946530594,85040.176384125
2624.845829912161,1200,6.396106209107845,0.0,639204,5068.157504841988,164165.99597625
2627.416221933646,750,7.825714187622956,0.0,350713,2570.3920214848895,84806.833713
2634.4605862289104,1200,4.781349892358358,0.0,601738,7044.364295264598,57364.389920375
2637.130478759798,300,6.111457361471142,0.0,157812,2669.8925308872167,72248.999555375
2641.9943246634857,750,5.247611457783008,0.0,401853,4863.845903688134,84863.7236085
2643.4906137192033,300,7.751322402065567,0.0,137654,1496.2890557174403,119216.521739125
2647.751932414611,1200,7.490003706658347,0.0,587236,4261.318695407221,200876.9063175
2650.3431027037655,1200,8.898833417503889,0.0,590335,2591.170289154458,259310.387985
2655.5283156580817,1850,7.713620463187655,0.0,1076599,5185.212954316234,239815.160955
2657.7951063206083,1200,9.446829800660966,0.0,487160,2266.79066252669,229216.46341499998
2661.7240067582015,1850,9.517929363068044,0.0,972798,3928.9004375929217,259749.00398375
2665.698993266071,1850,9.542942855198918,0.0,975811,3974.9865078691264,269184.64052250003
2669.582233600254,1850,9.659702521015864,0.0,873429,3883.240334183054,239130.09198375
2673.6389378879467,1850,9.602998233323099,0.0,954453,4056.7042876927653,254331.66458125
2677.6270937430695,1850,9.614842378200104,0.0,885062,3988.1558551229955,194792.95624375
2691.9749459285,1850,4.0,4.733009807230186,1035329,14347.852185430289,86647.40740737501
2694.0074936070528,300,5.967452321447567,0.0,179328,2032.5476785524338,101874.102705625
2697.554284579564,750,6.420661348936052,0.0,365161,3546.7909725115146,164144.78918
2699.403184761668,750,8.571761166831887,0.0,321064,1848.9001821041634,208250.58275
2702.3982799638534,1200,9.576665964646587,0.0,575591,2995.0952021853004,201996.80170625
2707.358987282707,1850,8.615958645792789,0.0,908665,4960.707318853798,211702.31958749998
2710.251499369574,1200,9.723446558925323,0.0,587506,2892.5120868674667,201348.20322125
2714.3533506435133,1850,9.621595284986274,0.0,858450,4101.851273939049,251302.5751075
2720.079000657509,1850,7.8959452709903974,0.0,1025005,5725.650013995876,187162.60162625002
2723.3075768392127,1200,8.667369089286506,0.0,599477,3228.576181703893,181267.4933575
2726.8505762268287,1200,9.124369701670625,0.0,634861,3542.9993876158796,214808.57142875
2732.542795272622,1850,7.432150655877348,0.0,958994,5692.219045793277,181607.24234
2735.985817292173,1200,7.9891286363261385,0.0,638661,3443.022019551209,217433.38008375
2738.8597798849196,1200,9.115166043579572,0.0,538612,2873.9625927465663,208653.4883725
2743.2025687067235,1850,8.772377221775734,0.0,846370,4342.788821803839,202874.02452625

