23372.81545469504,750,4.0,4.127748728925795,450283,4127.748728925795,64375.9043725
23375.43939442915,300,5.376060265887466,0.0,155580,2623.939734112534,64375.9043725
23376.55598791541,300,8.259466779627365,0.0,139857,1116.593486260102,147498.65470875002
23380.145794797718,1200,8.669659897319667,0.0,617681,3589.8068823076983,201139.14849375
23384.028484473027,1200,8.786970222012297,0.0,652874,3882.6896753073706,144572.10179125
23387.490346405688,1200,9.325108289352046,0.0,520315,3461.8619326602484,143767.3192775
23395.28682663944,1850,5.528628055600981,0.0,905515,7796.480233751066,114263.888888875
23397.804794066436,300,7.010660628603742,0.0,173849,2517.967426997239,65678.016528875
23403.85265668998,750,4.962798005056787,0.0,374758,6047.862623546955,84917.40550625
23405.656994767865,300,7.158459927173608,0.0,139105,1804.33807788318,84917.40550625
23408.26855481688,750,8.54689987816047,0.0,353220,2611.560049013138,157223.893805
23412.48504960786,1200,8.330405087178615,0.0,594078,4216.494790981855,196644.35564375
23416.578026247407,1200,8.237428447632727,0.0,624282,4092.9766395458882,235207.47422625
23419.62424109434,1200,9.191213600700067,0.0,687371,3046.2148469326607,271215.87301624997
23422.78059765601,1850,10.034857039032785,0.0,821631,3156.356561667283,273242.47787625
23426.204338803174,1850,10.611115891866156,0.0,923170,3423.7411471666273,358173.91304375004
23431.795536697886,2850,9.019917997155783,0.0,1491626,5591.1978947103735,350224.69635625
23434.448217589103,1850,10.367237105940097,0.0,885714,2652.6808912156853,361738.78628
23437.23791255436,1850,11.57754214068008,0.0,987708,2789.6949652600174,388476.19047624996
23441.081510602733,2850,11.733944092309827,0.0,1336050,3843.5980483702533,352920.60085875
23446.03996506783,2850,10.77548962721212,0.0,1415116,4958.454465097706,302546.351085
23452.90170023364,2850,7.913754461400025,0.0,1468126,6861.735165812096,339257.73195875
23454.83884873931,1200,9.97660595573092,0.0,656471,1937.1485056691051,475138.38120125
23457.22102926955,1850,11.594425425492313,0.0,874175,2382.180530238607,352054.66238
23461.730947692144,2850,11.084507002896002,0.0,1383735,4509.918422596311,302442.06008625
23471.02639871684,2850,5.7890559782005075,0.0,1480464,9295.451024695494,163447.95539000002
23473.586480174185,750,7.228974520857234,0.0,425781,2560.0814573432735,264987.78626
23476.53030537561,1200,8.285149319431104,0.0,487160,2943.82520142613,90533.018867875
23480.995343732502,1200,7.8201109625372185,0.0,622896,4465.038356893886,183400.0
23484.2498553997,1200,8.5655992953406,0.0,641447,3254.511667196618,238252.19941375
23487.342130969213,1200,9.47332372582702,0.0,570392,3092.2755695135806,158863.26767125
23493.16937087451,1850,7.6460838205267,0.0,954453,5827.23990530032,191053.86416875
23495.409684662674,1200,9.4057700323661,0.0,584349,2240.3137881606003,308833.8028175
23498.763460441613,1850,10.051994253427019,0.0,1035329,3353.7757789390807,297989.67741875
23502.7140469458,1850,10.101407749240698,0.0,1026056,3950.586504186321,239673.4375
23506.53380377132,1850,10.281650923717415,0.0,943942,3819.756825523284,309949.91652749997
23509.454184405775,1850,11.361270289264235,0.0,728962,2920.3806344531786,282611.66429625003
23517.26863131758,2850,7.546823377459732,0.0,1499009,7814.4469118045035,119817.80660375
23520.88880075737,1200,7.9266539376663605,0.0,605884,3620.169439793372,320775.04393625003
23523.12829967568,1200,9.687155019357228,0.0,587506,2239.4989183091325,246002.86533
23526.444854964855,1850,10.370599730182315,0.0,858450,3316.5552891749126,314299.8296425
23531.33607974193,1850,9.479374953108758,0.0,1025005,4891.224777073558,116801.48048449999
23535.94667194499,1850,8.868782750051087,0.0,886255,4610.592203057672,278107.03363875
23539.956137087953,1850,8.859317607087176,0.0,973972,4009.465142963911,236862.97376125
23543.688001561426,1850,9.127453133613425,0.0,958994,3731.8644734737504,249268.7861275
23547.26746182046,1850,9.547992874582109,0.0,982064,3579.4602590313175,272976.284585
23549.183310061544,1850,11.632144633496575,0.0,830730,1915.8482410855343,533964.2857137499
23552.64267669478,2850,12.17277800026186,0.0,1364537,3459.366633234715,373069.03352999996

