18890.882234482964,750,4.0,1.7227784527213061,450283,1722.7784527213062,263047.55784
18891.58481551887,300,7.297418964093769,0.0,155580,702.5810359062316,263047.55784
18894.327200183,1200,8.555034299959464,0.0,571051,2742.3846641343034,246389.18918875
18896.597365244008,1200,10.284869238952211,0.0,617681,2270.1650610072543,310871.38263625005
18900.274746544314,1850,10.607487938649287,0.0,996749,3677.381300302925,230862.1523575
18906.459384688245,2850,8.42284979471453,0.0,1224260,6184.638143934757,130708.61678000001
18909.94089061177,1200,8.941343871189915,0.0,561791,3481.505923524616,217724.26470625
18915.549786286647,1850,7.332448196314879,0.0,1060487,5608.895674875035,218571.04194874997
18918.423724130844,1200,8.458510352118807,0.0,584846,2873.9378441960716,200766.38176625
18921.9484891449,1200,8.933745338062792,0.0,560821,3524.765014056014,165053.55494
18927.708733931282,1850,7.173500551681364,0.0,939819,5760.244786381428,209868.73508375
18930.469446944702,750,8.412787538258799,0.0,405134,2760.713013422565,127622.79411749999
18934.86525944046,1200,8.016975042501175,0.0,624282,4395.812495757625,186944.805195
18939.637441948336,1200,7.24479253462366,0.0,687371,4772.182507877514,131740.9783475
18943.621017885846,1200,7.261216597113002,0.0,526950,3983.5759375106595,142283.71278499998
18948.415594932565,1200,6.466639550392987,0.0,587876,4794.577046720015,127179.03524999999
18951.513543401332,750,7.368691081626705,0.0,360831,3097.9484687662825,115923.38709675
18956.189175586678,1200,6.6930588962788615,0.0,581493,4675.632185347843,102670.46580774999
18960.68388748281,750,6.198347000147472,0.0,405596,4494.711896131389,82495.109104625
18964.44013601597,750,6.442098466986898,0.0,350713,3756.2485331605753,63418.345212249995
18972.839728010997,750,4.0,1.9574935280415702,386472,8399.591995028468,59215.897435875
18975.459543143807,300,5.3801848671925185,0.0,157812,2619.8151328074814,85412.866958125
18978.19367486034,300,6.646053150659597,0.0,163927,2734.131716532921,50577.19475275
18984.71964128255,750,4.120086728447801,0.0,343800,6525.966422211795,62678.119935124996
18986.886333196806,300,5.953394814191271,0.0,146754,2166.6919142565303,151437.95036
18989.666812964257,750,7.1729150467435865,0.0,379700,2780.479767447685,176685.63685625
18992.106389196844,750,8.733338814158731,0.0,425781,2439.576232584855,187731.56342125
18995.482777803707,1200,9.356950207293384,0.0,487160,3376.388606865348,159323.98452625
19001.29594166939,1850,7.543786341613429,0.0,972798,5813.163865679954,201749.44567625
19005.6855842348,1200,7.154143776203412,0.0,641447,4389.642565410017,94251.066098125
19008.535829273755,750,8.303898737249837,0.0,358218,2850.2450389535757,206096.348885
19012.864347198058,1200,7.975380812946078,0.0,620283,4328.517924303758,119061.31767774999
19016.873570435404,1200,7.966157575599596,0.0,584349,4009.2232373464817,201537.558685
19019.959831373315,1200,8.879896637689768,0.0,670129,3086.260937909829,248528.3286125
19024.51615592413,1850,8.323572086873819,0.0,1026056,4556.324550815949,231422.66666625
19027.059567712335,1200,9.7801602986695,0.0,598727,2543.4117882043183,321072.49070625
19029.753404901945,1850,11.08632310905674,0.0,728962,2693.8371896127587,271357.1428575
19037.589523725852,2850,7.250204285148702,0.0,1499009,7836.118823908038,105170.184104125
19042.07870270035,1200,6.761025310649827,0.0,605884,4489.1789744988755,216968.08510625002
19044.306552615195,750,8.533175395804586,0.0,390680,2227.849914845241,186825.06762875
19047.754101652085,1200,9.085626358915253,0.0,566904,3447.549036889331,185708.71143375
19058.85217910397,1850,4.0,2.0124510929687203,1025005,11098.077451883973,43257.71812075
19062.530586100653,300,4.321593003317497,0.0,145210,3678.4069966825027,37543.86661375
19067.397016875468,300,4.0,0.5448377714995367,172312,4866.430774817034,48928.548644375
19071.241314607654,300,4.155702267814764,0.0,167025,3844.2977321852363,33769.164364625
19076.310730964935,300,4.0,0.9137140894680414,160064,5069.416357282806,33769.164364625
19079.129177577062,300,5.1815533878742,0.0,137507,2818.4466121257997,55733.564013874995
19081.85939319883,300,6.451337766109113,0.0,118421,2730.215621765088,41325.324675375

