4851.825054018642,750,4.0,2.752351768226307,450283,2752.351768226307,174319.42078375
4852.844953797336,300,6.980100221306277,0.0,155580,1019.8997786937232,141289.5189
4855.527582143982,750,8.297471874660053,0.0,350812,2682.6283466462255,142644.84249500002
4857.983781490767,1200,9.841272527875775,0.0,617681,2456.1993467842776,547166.66666625
4867.590322696654,1850,4.234731321988438,0.0,996749,9606.541205887337,60133.2283465
4869.881010416723,300,5.944043601919912,0.0,126289,2290.687720068527,60133.2283465
4873.4660830658795,750,6.358970952762916,0.0,352642,3585.072649156996,131115.81920875
4876.534373977904,750,7.290680040739097,0.0,437162,3068.290912023819,119339.981867625
4883.934463644521,1200,4.0,0.10940962587908235,584846,7400.089666618179,61416.807289875
4886.358737777753,300,5.575725866768862,0.0,139105,2424.274133231138,72249.100072
4888.505272350628,300,7.429191293893847,0.0,141840,2146.534572875015,72249.100072
4891.454046984365,1200,8.480416660156667,0.0,594078,2948.7746337371814,296658.39416
4894.147050168037,1200,9.7874134764855,0.0,624282,2693.003183671165,251920.26578125
4902.4859540719835,1850,5.448509572538573,0.0,1036454,8338.903903946928,272905.34351125
4903.106149083802,300,8.82831456072093,0.0,140051,620.1950118176441,272905.34351125
4911.262264877225,1850,4.6721987672969405,0.0,923170,8156.115793423989,80050.068274875
4913.533688465063,300,6.400775179458516,0.0,143509,2271.423587838425,65811.786372
4918.667954919386,750,5.266508725136585,0.0,372963,5134.26645432193,152825.08833875
4919.992883645704,300,7.941579998818386,0.0,165384,1324.928726318199,135628.48961999998
4925.709931940696,1200,6.2245317038260675,0.0,586839,5717.048294992319,50480.710519
4930.649044471191,750,5.285419173331365,0.0,386472,4939.112530494702,107382.02247187501
4932.276024970467,300,7.658438674055046,0.0,157812,1626.980499276319,107382.02247187501
4941.183573870726,1200,4.0,1.2491102262036975,656471,8907.548900258744,141258.7859425
4942.28780077787,300,6.895773092855745,0.0,137654,1104.226907144255,141631.19834749997
4946.708791449193,750,6.4747824215331775,0.0,359903,4420.990671322567,181381.70346999998
4949.063163438593,750,8.12041043213333,0.0,379700,2354.3719893998477,157197.96954375002
4954.169957968339,1200,7.013615902387189,0.0,696376,5106.794529746141,187893.744645
4955.84313475589,750,9.340439114836245,0.0,277716,1673.1767875509433,180787.10247374998
4963.746546184593,1850,5.437027686133171,0.0,972798,7903.411428703073,113008.751458625
4965.144946546612,300,8.038627324113516,0.0,149029,1398.4003620196543,140934.40233249997
4969.465531907897,1200,7.718041962829547,0.0,570392,4320.58536128397,89351.758794
4974.4350763213515,1200,6.748497549374316,0.0,620283,4969.544413455231,136230.22847124998
4977.906565097578,750,7.277008773147881,0.0,369834,3471.488776226434,109827.33333337499
4984.079367768903,1200,5.104206101823066,0.0,670129,6172.8026713248155,128094.44444500002
4985.122750175344,300,8.060823695381353,0.0,179328,1043.3824064417126,124813.44307275
4989.807445437548,1200,7.376128433176117,0.0,598727,4684.695262205237,178781.59757375
4992.702835453193,1200,8.480738417531649,0.0,487812,2895.3900156444683,167524.25531875002
4998.898042914768,1200,6.285530955956276,0.0,575591,6195.207461575373,82851.112119875
5002.678734334118,750,6.504839536604943,0.0,378327,3780.691419351333,123269.387755125
5005.914106659775,750,7.269467210948926,0.0,390680,3235.3723256560183,121267.565649375
5011.564247854985,1200,5.619326015738307,0.0,566904,5650.141195210619,142137.1340525
5015.026579148422,750,6.156994722301584,0.0,384505,3462.3312934367223,100063.04558675
5019.2317455577295,750,5.951828312994437,0.0,372093,4205.166409307147,87288.226673125
5027.86208691123,750,4.0,2.6785130405069757,438281,8630.341353501413,142140.28507125002
5029.044537439055,300,6.817549472175156,0.0,167025,1182.450527824843,221174.13572375
5031.192271820222,750,8.669815091007546,0.0,393804,2147.734381167612,198344.60196250002
5034.23939447887,1200,9.622692432360381,0.0,538612,3047.122658647163,227849.0066225
5037.916440671144,1850,9.945646240085559,0.0,846370,3677.046192274823,255203.46320374997

