22991.53711598606,750,4.0,6.6911010369313795,450283,6691.10103693138,91689.51612900001
22993.37617850636,300,6.160937479695716,0.0,155580,1839.0625203042848,114209.02777774999
22996.318395140843,750,7.218720845216325,0.0,350812,2942.216634479391,143799.50186750002
23002.177866518057,1200,5.359249467998493,0.0,617681,5859.471377217831,120175.26413925001
23003.99728818917,300,7.539827796885513,0.0,163442,1819.421671112981,73426.242236
23015.661961463236,1200,4.0,4.1248454771821,520315,11664.673274067613,50607.540702624996
23019.20138897309,300,4.460572490142724,0.0,153295,3539.4275098572766,31171.102040875
23025.158871973425,300,4.0,1.4969105101923796,173849,5957.4830003351035,30596.013420125
23030.375198713675,300,4.0,1.2163267402502889,150710,5216.326740250289,40590.29296025
23034.062620713135,300,4.312578000536514,0.0,139105,3687.4219994634855,40590.29296025
23038.070779074947,300,4.304419638725365,0.0,141840,4008.1583618111495,37238.0198915
23041.8189343904,300,4.556264323275311,0.0,156148,3748.155315450055,50137.468566625
23044.880792792257,300,5.494405921419764,0.0,160746,3061.858401855546,63775.1937985
23047.862782115706,300,6.512416597969961,0.0,179801,2981.9893234498036,65699.73544974999
23054.494090515072,750,4.0,0.11889180139848576,337059,6631.308399368447,38022.9837025
23058.403159604393,300,4.090930910680355,0.0,138313,3909.0690893196447,38022.9837025
23060.001296197825,300,6.492794317249551,0.0,143509,1598.136593430805,138898.26989625
23062.447256705967,750,8.046833809107286,0.0,372963,2445.9605081422646,202537.22795
23066.61004022603,1200,7.884050289041772,0.0,639204,4162.783520065514,197462.10269
23070.221943001518,1200,8.272147513555344,0.0,586839,3611.9027754864273,160747.90697625
23074.361187545408,1200,8.13290296966283,0.0,601738,4139.244543892515,157916.8207025
23078.626600610183,1200,7.867489904889651,0.0,616206,4265.413064773178,200756.8270475
23082.120298120437,1200,8.37379239463665,0.0,656471,3493.6975102530005,188479.95780625
23085.545192961028,1200,8.94889755404065,0.0,536667,3424.894840596,151943.0633525
23090.41606843692,1850,8.078022078150566,0.0,897976,4870.875475890084,213629.38881625
23093.38489366838,1200,9.10919684668984,0.0,590335,2968.825231460724,206465.05717875
23099.1455732166,1850,7.3485172984702505,0.0,1076599,5760.679548219591,195793.4165725
23102.704921609067,1200,7.78916890600255,0.0,487160,3559.3483924677003,150136.95652125002
23107.2542377726,1200,7.239852742469692,0.0,622896,4549.316163532858,124036.96857675
23112.871071765985,1200,5.623018749082865,0.0,641447,5616.833993386827,218695.0757575
23114.842986303847,750,7.651104211219995,0.0,358218,1971.9145378628693,180945.848375
23118.39132378335,1200,8.102766731712986,0.0,620283,3548.3374795070094,196655.12820500002
23121.61634819143,1200,8.87774232363553,0.0,584349,3225.024408077457,184288.61003875
23128.95632404258,1850,5.537766472483704,0.0,1035329,7339.975851151826,158560.2553875
23130.20048990374,300,8.293600611326209,0.0,179328,1244.165861157496,189613.48684250002
23133.227842362445,1200,9.266248152619228,0.0,598727,3027.3524587069805,239222.88438625
23137.671264949167,1850,8.822825565895604,0.0,728962,4443.422586723625,153482.62839874998
23143.959654326114,1850,6.5344361889485665,0.0,938587,6288.389376947038,176319.43286124998
23146.270868104155,750,8.223222410908928,0.0,378327,2311.2137780396392,181128.6919825
23149.404783596317,1200,9.089306918745606,0.0,587506,3133.9154921633217,180169.921875
23155.100936637828,1850,7.393153877238242,0.0,858450,5696.153041507364,151294.6655375
23161.004778572522,1200,5.48931194254422,0.0,641452,5903.841934694022,127387.16814125
23162.258981507628,300,8.235109007439,0.0,145210,1254.2029351052201,166851.73824125
23166.392723677673,1200,8.101366837397455,0.0,634861,4133.742170041545,181726.76991125
23170.641864528425,1200,7.85222598664488,0.0,630203,4249.140850752574,129679.30591249999
23175.32577661152,1200,7.168313903546614,0.0,638661,4683.9120830982665,153281.4136125
23178.36966896711,750,8.124421547957715,0.0,331053,3043.8923555888987,95564.54293625
23182.71241838905,1200,7.78167212601848,0.0,550906,4342.749421939236,159498.84526499998

