22592.922684464436,750,4.0,6.865112348267744,450283,6865.112348267744,82687.27272725
22594.983260382,300,5.939424082436076,0.0,155580,2060.575917563924,82687.27272725
22599.159720495805,750,5.7629639686299265,0.0,350812,4176.460113806149,95037.86008225
22602.933578362998,750,5.989106101436447,0.0,382355,3773.857867193479,104984.82384825
22607.105068040823,750,5.817616423613218,0.0,411561,4171.48967782323,95287.65743075
22610.93031593719,750,5.992368527248042,0.0,318564,3825.247896365176,100406.057494875
22615.483809425947,750,5.438875038490346,0.0,352642,4553.493488757696,69047.9345285
22617.865646560742,300,7.0570379036933595,0.0,173849,2381.8371347969864,80354.79797975
22623.024164185965,750,5.898520278473776,0.0,374758,5158.517625219583,56206.414193125
22632.18173785797,750,4.0,3.259053393528875,362795,9157.57367200265,26544.061302625
22637.706960508098,300,4.0,1.52522265012979,141840,5525.22265012979,29135.650388625
22643.422112832177,300,4.0,1.7151523240800444,156148,5715.152324080044,29636.246786625
22649.028503744255,300,4.0,1.6063909120767677,160746,5606.390912076768,32716.906077375
22654.26839011554,300,4.0,1.23988637128347,179801,5239.88637128347,41604.481024249995
22658.452528868427,300,4.0,0.1841387528866244,140051,4184.138752886624,29485.529601875
22663.470294394254,300,4.0,1.0177655258289497,138313,5017.76552582895,29485.529601875
22666.620041288264,300,4.850253105990742,0.0,143509,3149.7468940092585,49584.984649750004
22669.288177909544,300,6.182116484708514,0.0,150616,2668.1366212822277,66647.19185825
22676.967907840393,750,4.0,1.4976134461405282,405596,7679.729930849042,36614.76934525
22681.09807098837,300,4.0,0.13016314797357792,140881,4130.163147973578,36614.76934525
22685.125442490826,300,4.0,0.02737150245929297,157671,4027.371502459293,42708.619777875
22689.101655911876,300,4.0237865789482665,0.0,157812,3976.213421051734,42623.946037125
22693.56720021483,300,4.0,0.4417577240077358,163927,4465.544302956002,39100.471293875
22695.48380737721,300,6.0833928376202095,0.0,137654,1916.607162379791,102311.42687975001
22697.34763585024,750,8.21956436459199,0.0,359903,1863.8284730282198,348296.146045
22698.85985508176,1200,10.707345133070904,0.0,590335,1512.219231521088,510061.04651124997
22702.24926314032,2850,11.317937074514163,0.0,1547572,3389.4080585567403,578588.6287624999
22704.66403109724,2850,12.903169117591794,0.0,1141971,2414.7679569223683,484768.22916625004
22709.460796361116,4300,12.10640385371661,0.0,2134614,4796.765263875184,534507.24637625
22714.325185103135,4300,11.242015111698459,0.0,2164140,4864.388742018153,516022.64151
22717.12195992469,2850,12.445240290141053,0.0,1341201,2796.774821557405,522970.588235
22721.665026953713,4300,11.902173261117515,0.0,2147852,4543.067029023538,558214.72392625
22724.44757849461,2850,13.119621720216283,0.0,1358081,2782.551540901229,520743.38624375005
22729.544499929536,4300,12.02270028529264,0.0,2286761,5096.9214349236445,439834.757835
22735.173453639538,4300,10.393746575290507,0.0,2307787,5628.953710002133,473432.27665749996
22737.329505918056,1850,12.237694296773542,0.0,943942,2156.0522785169655,481896.45776625
22741.768645095453,4300,11.798555119374985,0.0,1919781,4439.139177398556,496856.1151075
22744.93865509863,2850,12.628545116196292,0.0,1499009,3170.0100031786933,527600.0
22749.712745054636,4300,11.854455160191906,0.0,2133870,4774.089956004385,431259.16230375
22753.180466197646,2850,12.386734017182263,0.0,1402287,3467.7211430096436,503027.5689225
22758.602098831045,4300,10.96510138378472,0.0,2108491,5421.632633397544,402131.14754125
22762.014449536993,2850,11.552750677837816,0.0,1527299,3412.350705946905,560095.5414012499
22764.80734761191,2850,12.759852602921937,0.0,1343002,2792.8980749158777,499024.46483125
22772.405639361346,4300,9.161560853486648,0.0,2219102,7598.29174943529,335591.43968875
22776.683338619216,1850,8.883861595615999,0.0,958994,4277.6992578706495,192851.36323624998
22782.211003991157,1850,7.3561962236764575,0.0,982064,5527.665371939542,178986.91099499998
22784.72911809706,1200,8.838082117774864,0.0,538612,2518.114105901593,244143.93939375
22788.790951646686,1850,8.776248568149743,0.0,846370,4061.83354962512,242376.19699

