21814.729381886846,750,4.0,4.799754461958953,450283,4799.754461958953,122033.9892665
21816.15137211463,300,6.578009772220171,0.0,155580,1421.9902277798294,122033.9892665
21819.359068136444,750,7.370313750407138,0.0,350812,3207.6960218130334,105212.75626425
21826.133296618438,1200,4.596085268411108,0.0,617681,6774.22848199603,47058.165003625
21829.95861165422,300,4.770770232633025,0.0,163442,3825.3150357780833,42533.393298874995
21833.16405684359,300,5.565325043259893,0.0,126289,3205.445189373131,42533.393298874995
21836.544574676962,300,6.184807209888124,0.0,153295,3380.51783337177,50013.368112125
21843.291227426856,750,4.0,0.5618455400080101,437162,6746.652749896134,114462.230215875
21844.771945229095,300,6.519282197763298,0.0,150710,1480.7178022367023,100668.831168875
21849.360737030038,750,5.930490396821889,0.0,362795,4588.791800941409,86432.843651625
21854.33118173999,750,4.960045686866275,0.0,353220,4970.444709955614,74326.369282875
21857.29637723151,300,5.994850195352272,0.0,156148,2965.195491514003,44636.26151425
21864.82361549676,750,4.0,1.5323880698973853,386351,7527.238265249657,47168.999481625
21868.88170778291,300,4.0,0.058092286153982056,179801,4058.092286153982,66924.974991625
21871.16450435148,300,5.717203431430399,0.0,140051,2282.796568569601,66924.974991625
21876.961203111612,750,4.0,0.07949532870000621,366214,5796.698760130405,62171.237693375
21879.743339853638,300,5.217863257973217,0.0,143509,2782.1367420267825,54122.095897125
21881.864666213296,300,7.096536898313638,0.0,150616,2121.32635965958,77739.47972450001
21886.588634562147,750,6.372568549462771,0.0,405596,4723.968348850867,92883.26624499999
21890.117981200474,750,6.843221911134057,0.0,350713,3529.3466383287137,76665.48358475
21895.13702224957,750,5.824180862037839,0.0,386472,5019.041049096218,97176.0045275
21899.587997636707,750,5.373205474903953,0.0,399894,4450.975387133885,92618.134715
21901.419721406946,300,7.541481704662804,0.0,163927,1831.7237702411496,112836.65594849999
21907.23482667131,1200,5.7263764403018484,0.0,536667,5815.1052643609555,107240.124740125
21910.85717457497,750,6.104028536644124,0.0,359903,3622.347903657725,113663.486005125
21914.108951723076,750,6.85225138853372,0.0,379700,3251.7771481104046,138067.03910625
21921.008111670046,750,4.0,0.046908558438419276,425781,6899.159946972139,46050.91975475
21922.948675876793,300,6.059435793253886,0.0,111155,1940.5642067461145,73077.026421875
21929.215677651497,750,4.0,0.20756598145361385,400396,6267.0017747075,52084.778959125
21931.54261263346,300,5.673065018037798,0.0,149029,2326.9349819622016,82429.00150525
21936.52946927438,750,4.68620837711811,0.0,358218,4986.856640919688,85143.208661375
21938.18729831843,300,7.028379333068253,0.0,157488,1657.8290440498572,115732.19373224999
21941.36075610721,750,7.854921544288728,0.0,369834,3173.457788779525,125340.89298375
21950.245576037058,1200,4.0,1.0298983855571524,670129,8884.81992984588,54829.624920500006
21952.300289884366,300,5.945286152689521,0.0,179328,2054.7138473104787,96094.31995825001
21957.741480959274,750,4.504095077782863,0.0,365161,5441.191074906658,57504.579517125
21960.230625470347,300,6.014950566709504,0.0,131610,2489.144511073359,57504.579517125
21966.675080837256,750,4.0,0.4295048001998184,361565,6444.455366909322,58837.352038625
21968.535156703987,300,6.139924133272335,0.0,144254,1860.075866727665,86460.076045625
21974.466647920988,750,4.208432916271587,0.0,390680,5931.491217000748,60822.22807475
21976.226547653503,300,6.448533183757898,0.0,147968,1759.899732513689,147673.86609125
21978.922225930386,750,7.752854906874721,0.0,384505,2695.6782768831767,157477.2357725
21982.959714134086,1200,7.715366703172294,0.0,599477,4037.4882037024277,142248.0
21988.64563185116,1200,6.02944898609919,0.0,634861,5685.9177170731045,116915.535445
21991.849815254278,750,6.825265582978911,0.0,398987,3204.183403120279,161828.09430250002
21994.898802109594,750,7.776278727663306,0.0,393804,3048.9868553156043,144177.068215
21999.51427935057,1200,7.160801486692061,0.0,538612,4615.477240971245,112959.652389875
22002.84854102431,750,7.826539812952648,0.0,314107,3334.261673739414,79137.193763875

