22793.340307945546,750,4.0,4.549356298858494,450283,4549.356298858494,116411.262798625
22794.827117021534,300,6.513190924009408,0.0,155580,1486.8090759905917,116411.262798625
22797.222268921665,750,8.118039023878083,0.0,350812,2395.151900131324,146909.66921125
22802.063032917627,1200,7.277275027916101,0.0,617681,4840.763995961983,129339.130435
22808.014438519825,1200,5.325869425716328,0.0,652874,5951.405602199773,119554.400978
22809.173156758996,300,8.167151186542016,0.0,126289,1158.7182391743117,123813.41719075
22813.972011213384,1200,7.36829673215515,0.0,561791,4798.854454386867,127426.21825625
22820.270685075677,1200,5.069622869863426,0.0,709534,6298.673862291724,110191.90238487501
22821.619348197062,300,7.720959748478426,0.0,150710,1348.6631213850005,99425.1175285
22827.53124385005,1200,5.809064095488081,0.0,560821,5911.895652990344,97885.95041325
22832.067651181304,750,5.272656764236926,0.0,353220,4536.4073312511555,97410.14234875
22833.56108825633,300,7.779219689210675,0.0,156148,1493.437075026251,145047.1092075
22838.5831891752,1200,6.7571187703405275,0.0,624282,5022.100918870147,154909.09090875
22843.30151524646,750,6.0387926990789165,0.0,434409,4718.326071261611,94084.1121495
22847.244190549307,750,6.096117396232726,0.0,337059,3942.6753028461894,95723.24929975
22851.51097928313,750,5.829328662407155,0.0,366214,4266.788733825571,125239.82869375
22854.515455634388,750,6.824852311150687,0.0,360831,3004.4763512564673,139838.76811625002
22857.292518728536,750,8.047789217005434,0.0,372963,2777.063094145253,155637.16814125
22861.79697681422,1200,7.543331131319505,0.0,639204,4504.45808568593,136973.87173375
22866.24805206411,1200,7.092255881432377,0.0,586839,4451.075249887128,162369.15422875
22869.365193633406,750,7.975114312134945,0.0,386472,3117.1415692974315,120617.4743025
22873.914605293536,1200,7.425702652005932,0.0,616206,4549.4116601290125,135181.3643925
22878.825329865736,1200,6.514978079805614,0.0,656471,4910.724572200319,147707.25388625
22881.648056397007,750,7.692251548536353,0.0,343800,2822.7265312692607,130677.27272749999
22886.990237674472,1200,6.350070271071899,0.0,587236,5342.181277464454,132728.37924375
22890.036205270764,750,7.304102674781027,0.0,379700,3045.9675962908723,140199.48849125
22898.24290582515,1200,4.0,0.9025978796031104,696376,8206.700554384137,50052.449068
22900.660558933767,300,5.582346891379195,0.0,111155,2417.6531086208056,50052.449068
22902.873286807047,300,7.369619018097488,0.0,153605,2212.727873281707,90982.035928125
22911.6519088181,1200,4.0,1.4090029929530792,641447,8778.622011050567,87770.76566125
22913.551669947137,300,6.100238870965192,0.0,157421,1899.7611290348082,98076.0869565
22917.814965459354,750,5.836943358745697,0.0,400322,4263.295512219494,98431.66666662501
22921.89473774696,750,5.757171071141445,0.0,369834,4079.7722876042517,116827.430293875
22925.51287273743,750,6.139036080670788,0.0,412837,3618.134990470657,153238.25789875002
22928.66271192855,750,6.989196889549446,0.0,401088,3149.8391911213416,141507.1225075
22931.695321401527,750,7.956587416575263,0.0,365161,3032.6094729741835,109743.513713875
22936.546554909444,1200,7.105353908656029,0.0,487812,4851.233507919234,106194.261805125
22940.025355054622,750,7.626553763481665,0.0,361565,3478.8001451743644,123856.33484162501
22947.632571666254,1200,4.019337151847665,0.0,605884,7607.2166116339995,80071.80570225
22949.673365453687,300,5.978543364418332,0.0,149991,2040.7937874293332,90761.31277974999
22955.978304997207,750,4.0,0.3263961791017564,345516,6304.939543520089,64198.906772
22958.7121786851,300,5.266126312107348,0.0,161857,2733.873687892652,64198.906772
22961.619512015674,300,6.358792981530516,0.0,145210,2907.3333305768315,50607.132331249995
22966.910685022707,750,5.067619974497932,0.0,438281,5291.173007032584,104940.789473625
22968.67673362758,300,7.301571369627367,0.0,167025,1766.048604870565,96040.603852125
22979.017003116845,1200,4.0,3.038698119639168,638661,10340.269489266535,44467.762326125005
22982.209465140386,300,4.8075379764569535,0.0,137507,3192.462023543046,48200.431615875
22984.84601494913,300,6.170988167716018,0.0,118421,2636.549808740935,51335.995267625

